0	0
0.005	-0.031
0.01	-0.052
0.015	-0.053
0.02	-0.048
0.025	-0.041
0.03	-0.034
0.035	-0.022
0.04	-0.009
0.045	-0.002
0.05	-0.004
0.055	-0.009
0.06	-0.011
0.065	-0.016
0.07	-0.025
0.075	-0.033
0.08	-0.027
0.085	-0.009
0.09	0.009
0.095	0.017
0.1	0.018
0.105	0.017
0.11	0.018
0.115	0.019
0.12	0.021
0.125	0.024
0.13	0.021
0.135	0.012
0.14	0.004
0.145	0.006
0.15	0.015
0.155	0.022
0.16	0.021
0.165	0.017
0.17	0.017
0.175	0.020
0.18	0.022
0.185	0.021
0.19	0.019
0.195	0.019
0.2	0.020
0.205	0.021
0.21	0.020
0.215	0.018
0.22	0.018
0.225	0.022
0.23	0.024
0.235	0.017
0.24	-0.001
0.245	-0.018
0.25	-0.026
0.255	-0.030
0.26	-0.039
0.265	-0.050
0.27	-0.051
0.275	-0.039
0.28	-0.026
0.285	-0.025
0.29	-0.033
0.295	-0.036
0.3	-0.028
0.305	-0.017
0.31	-0.014
0.315	-0.017
0.32	-0.021
0.325	-0.024
0.33	-0.036
0.335	-0.054
0.34	-0.069
0.345	-0.073
0.35	-0.071
0.355	-0.073
0.36	-0.077
0.365	-0.069
0.37	-0.047
0.375	-0.023
0.38	-0.009
0.385	-0.001
0.39	0.008
0.395	0.018
0.4	0.020
0.405	0.016
0.41	0.015
0.415	0.020
0.42	0.022
0.425	0.018
0.43	0.015
0.435	0.019
0.44	0.022
0.445	0.019
0.45	0.015
0.455	0.018
0.46	0.023
0.465	0.019
0.47	0.006
0.475	-0.004
0.48	-0.004
0.485	0.003
0.49	0.011
0.495	0.024
0.5	0.043
0.505	0.063
0.51	0.079
0.515	0.087
0.52	0.088
0.525	0.081
0.53	0.066
0.535	0.048
0.54	0.030
0.545	0.010
0.55	-0.012
0.555	-0.028
0.56	-0.026
0.565	-0.011
0.57	0.003
0.575	0.008
0.58	0.011
0.585	0.019
0.59	0.029
0.595	0.033
0.6	0.027
0.605	0.012
0.61	-0.005
0.615	-0.017
0.62	-0.018
0.625	-0.011
0.63	-0.007
0.635	-0.006
0.64	0.000
0.645	0.009
0.65	0.008
0.655	-0.009
0.66	-0.029
0.665	-0.037
0.67	-0.039
0.675	-0.049
0.68	-0.060
0.685	-0.054
0.69	-0.033
0.695	-0.019
0.7	-0.014
0.705	-0.002
0.71	0.021
0.715	0.028
0.72	0.004
0.725	-0.031
0.73	-0.047
0.735	-0.046
0.74	-0.050
0.745	-0.067
0.75	-0.075
0.755	-0.059
0.76	-0.030
0.765	-0.002
0.77	0.018
0.775	0.032
0.78	0.035
0.785	0.027
0.79	0.015
0.795	0.003
0.8	-0.008
0.805	-0.020
0.81	-0.029
0.815	-0.030
0.82	-0.020
0.825	0.006
0.83	0.051
0.835	0.109
0.84	0.159
0.845	0.191
0.85	0.209
0.855	0.220
0.86	0.216
0.865	0.190
0.87	0.146
0.875	0.098
0.88	0.046
0.885	-0.012
0.89	-0.067
0.895	-0.095
0.9	-0.090
0.905	-0.069
0.91	-0.045
0.915	-0.015
0.92	0.020
0.925	0.048
0.93	0.056
0.935	0.053
0.94	0.055
0.945	0.063
0.95	0.066
0.955	0.062
0.96	0.057
0.965	0.052
0.97	0.039
0.975	0.020
0.98	0.007
0.985	0.002
0.99	-0.011
0.995	-0.041
1	-0.078
1.005	-0.104
1.01	-0.116
1.015	-0.128
1.02	-0.142
1.025	-0.152
1.03	-0.143
1.035	-0.114
1.04	-0.069
1.045	-0.024
1.05	0.010
1.055	0.030
1.06	0.042
1.065	0.050
1.07	0.039
1.075	-0.007
1.08	-0.072
1.085	-0.121
1.09	-0.136
1.095	-0.137
1.1	-0.143
1.105	-0.147
1.11	-0.126
1.115	-0.085
1.12	-0.052
1.125	-0.041
1.13	-0.036
1.135	-0.017
1.14	0.009
1.145	0.019
1.15	0.010
1.155	0.000
1.16	0.007
1.165	0.037
1.17	0.080
1.175	0.131
1.18	0.187
1.185	0.241
1.19	0.278
1.195	0.286
1.2	0.266
1.205	0.228
1.21	0.183
1.215	0.131
1.22	0.079
1.225	0.040
1.23	0.026
1.235	0.034
1.24	0.044
1.245	0.049
1.25	0.053
1.255	0.057
1.26	0.051
1.265	0.030
1.27	0.005
1.275	-0.007
1.28	-0.008
1.285	-0.009
1.29	-0.008
1.295	0.008
1.3	0.040
1.305	0.069
1.31	0.079
1.315	0.071
1.32	0.053
1.325	0.029
1.33	-0.008
1.335	-0.056
1.34	-0.107
1.345	-0.153
1.35	-0.194
1.355	-0.233
1.36	-0.273
1.365	-0.306
1.37	-0.317
1.375	-0.306
1.38	-0.287
1.385	-0.270
1.39	-0.245
1.395	-0.196
1.4	-0.120
1.405	-0.038
1.41	0.030
1.415	0.083
1.42	0.120
1.425	0.132
1.43	0.117
1.435	0.087
1.44	0.057
1.445	0.028
1.45	-0.003
1.455	-0.018
1.46	0.011
1.465	0.079
1.47	0.149
1.475	0.193
1.48	0.214
1.485	0.219
1.49	0.199
1.495	0.141
1.5	0.065
1.505	0.008
1.51	-0.019
1.515	-0.033
1.52	-0.045
1.525	-0.033
1.53	0.020
1.535	0.096
1.54	0.161
1.545	0.203
1.55	0.233
1.555	0.261
1.56	0.279
1.565	0.283
1.57	0.282
1.575	0.289
1.58	0.295
1.585	0.285
1.59	0.255
1.595	0.214
1.6	0.163
1.605	0.086
1.61	-0.024
1.615	-0.143
1.62	-0.231
1.625	-0.275
1.63	-0.300
1.635	-0.327
1.64	-0.356
1.645	-0.369
1.65	-0.367
1.655	-0.365
1.66	-0.357
1.665	-0.315
1.67	-0.219
1.675	-0.093
1.68	0.013
1.685	0.074
1.69	0.109
1.695	0.139
1.7	0.152
1.705	0.120
1.71	0.038
1.715	-0.058
1.72	-0.134
1.725	-0.188
1.73	-0.242
1.735	-0.294
1.74	-0.326
1.745	-0.336
1.75	-0.348
1.755	-0.379
1.76	-0.412
1.765	-0.422
1.77	-0.411
1.775	-0.394
1.78	-0.364
1.785	-0.292
1.79	-0.167
1.795	-0.021
1.8	0.116
1.805	0.238
1.81	0.353
1.815	0.449
1.82	0.501
1.825	0.504
1.83	0.475
1.835	0.422
1.84	0.341
1.845	0.240
1.85	0.144
1.855	0.075
1.86	0.030
1.865	-0.004
1.87	-0.029
1.875	-0.039
1.88	-0.041
1.885	-0.043
1.89	-0.043
1.895	-0.031
1.9	-0.005
1.905	0.022
1.91	0.046
1.915	0.074
1.92	0.116
1.925	0.164
1.93	0.199
1.935	0.208
1.94	0.187
1.945	0.142
1.95	0.083
1.955	0.019
1.96	-0.046
1.965	-0.109
1.97	-0.168
1.975	-0.219
1.98	-0.261
1.985	-0.294
1.99	-0.317
1.995	-0.324
2	-0.324
2.005	-0.324
2.01	-0.316
2.015	-0.275
2.02	-0.194
2.025	-0.104
2.03	-0.037
2.035	0.007
2.04	0.053
2.045	0.104
2.05	0.141
2.055	0.150
2.06	0.146
2.065	0.133
2.07	0.091
2.075	0.005
2.08	-0.102
2.085	-0.184
2.09	-0.226
2.095	-0.239
2.1	-0.231
2.105	-0.196
2.11	-0.140
2.115	-0.087
2.12	-0.054
2.125	-0.031
2.13	0.000
2.135	0.035
2.14	0.066
2.145	0.091
2.15	0.119
2.155	0.148
2.16	0.168
2.165	0.181
2.17	0.195
2.175	0.212
2.18	0.227
2.185	0.240
2.19	0.256
2.195	0.271
2.2	0.274
2.205	0.263
2.21	0.243
2.215	0.211
2.22	0.165
2.225	0.109
2.23	0.056
2.235	0.011
2.24	-0.031
2.245	-0.074
2.25	-0.112
2.255	-0.145
2.26	-0.174
2.265	-0.199
2.27	-0.210
2.275	-0.197
2.28	-0.160
2.285	-0.111
2.29	-0.061
2.295	-0.019
2.3	0.006
2.305	0.014
2.31	0.011
2.315	-0.004
2.32	-0.034
2.325	-0.072
2.33	-0.100
2.335	-0.115
2.34	-0.130
2.345	-0.149
2.35	-0.155
2.355	-0.133
2.36	-0.098
2.365	-0.075
2.37	-0.067
2.375	-0.061
2.38	-0.049
2.385	-0.040
2.39	-0.033
2.395	-0.024
2.4	-0.019
2.405	-0.024
2.41	-0.030
2.415	-0.023
2.42	-0.013
2.425	-0.021
2.43	-0.034
2.435	-0.017
2.44	0.029
2.445	0.058
2.45	0.043
2.455	0.024
2.46	0.050
2.465	0.103
2.47	0.128
2.475	0.112
2.48	0.093
2.485	0.089
2.49	0.080
2.495	0.055
2.5	0.041
2.505	0.056
2.51	0.078
2.515	0.080
2.52	0.076
2.525	0.090
2.53	0.114
2.535	0.123
2.54	0.118
2.545	0.116
2.55	0.115
2.555	0.098
2.56	0.065
2.565	0.034
2.57	0.013
2.575	-0.009
2.58	-0.030
2.585	-0.034
2.59	-0.019
2.595	-0.009
2.6	-0.020
2.605	-0.030
2.61	-0.011
2.615	0.028
2.62	0.057
2.625	0.063
2.63	0.065
2.635	0.078
2.64	0.096
2.645	0.102
2.65	0.095
2.655	0.081
2.66	0.070
2.665	0.060
2.67	0.048
2.675	0.028
2.68	0.002
2.685	-0.027
2.69	-0.053
2.695	-0.079
2.7	-0.109
2.705	-0.139
2.71	-0.160
2.715	-0.170
2.72	-0.175
2.725	-0.175
2.73	-0.164
2.735	-0.136
2.74	-0.095
2.745	-0.051
2.75	-0.011
2.755	0.025
2.76	0.060
2.765	0.096
2.77	0.134
2.775	0.170
2.78	0.204
2.785	0.233
2.79	0.255
2.795	0.265
2.8	0.261
2.805	0.249
2.81	0.238
2.815	0.226
2.82	0.205
2.825	0.169
2.83	0.126
2.835	0.085
2.84	0.051
2.845	0.019
2.85	-0.010
2.855	-0.039
2.86	-0.068
2.865	-0.096
2.87	-0.115
2.875	-0.121
2.88	-0.121
2.885	-0.125
2.89	-0.126
2.895	-0.116
2.9	-0.096
2.905	-0.083
2.91	-0.083
2.915	-0.086
2.92	-0.081
2.925	-0.075
2.93	-0.080
2.935	-0.092
2.94	-0.098
2.945	-0.098
2.95	-0.106
2.955	-0.119
2.96	-0.120
2.965	-0.091
2.97	-0.040
2.975	0.017
2.98	0.064
2.985	0.098
2.99	0.121
2.995	0.139
3	0.160
3.005	0.176
3.01	0.175
3.015	0.152
3.02	0.124
3.025	0.109
3.03	0.103
3.035	0.089
3.04	0.063
3.045	0.038
3.05	0.020
3.055	0.004
3.06	-0.011
3.065	-0.019
3.07	-0.020
3.075	-0.028
3.08	-0.047
3.085	-0.062
3.09	-0.062
3.095	-0.053
3.1	-0.049
3.105	-0.045
3.11	-0.030
3.115	-0.006
3.12	0.015
3.125	0.026
3.13	0.037
3.135	0.052
3.14	0.070
3.145	0.086
3.15	0.100
3.155	0.108
3.16	0.107
3.165	0.092
3.17	0.066
3.175	0.027
3.18	-0.026
3.185	-0.083
3.19	-0.125
3.195	-0.145
3.2	-0.151
3.205	-0.150
3.21	-0.140
3.215	-0.120
3.22	-0.098
3.225	-0.086
3.23	-0.082
3.235	-0.075
3.24	-0.058
3.245	-0.036
3.25	-0.021
3.255	-0.021
3.26	-0.026
3.265	-0.020
3.27	0.010
3.275	0.052
3.28	0.087
3.285	0.112
3.29	0.136
3.295	0.159
3.3	0.165
3.305	0.142
3.31	0.108
3.315	0.088
3.32	0.084
3.325	0.080
3.33	0.064
3.335	0.043
3.34	0.032
3.345	0.033
3.35	0.037
3.355	0.036
3.36	0.030
3.365	0.027
3.37	0.033
3.375	0.038
3.38	0.029
3.385	0.006
3.39	-0.009
3.395	0.001
3.4	0.023
3.405	0.033
3.41	0.028
3.415	0.025
3.42	0.033
3.425	0.038
3.43	0.028
3.435	0.009
3.44	-0.004
3.445	-0.012
3.45	-0.025
3.455	-0.043
3.46	-0.057
3.465	-0.070
3.47	-0.086
3.475	-0.103
3.48	-0.108
3.485	-0.096
3.49	-0.073
3.495	-0.051
3.5	-0.035
3.505	-0.023
3.51	-0.016
3.515	-0.019
3.52	-0.029
3.525	-0.039
3.53	-0.036
3.535	-0.013
3.54	0.019
3.545	0.041
3.55	0.048
3.555	0.053
3.56	0.065
3.565	0.076
3.57	0.070
3.575	0.052
3.58	0.039
3.585	0.038
3.59	0.038
3.595	0.037
3.6	0.047
3.605	0.069
3.61	0.086
3.615	0.084
3.62	0.074
3.625	0.076
3.63	0.089
3.635	0.092
3.64	0.074
3.645	0.044
3.65	0.013
3.655	-0.018
3.66	-0.046
3.665	-0.063
3.67	-0.063
3.675	-0.055
3.68	-0.054
3.685	-0.059
3.69	-0.062
3.695	-0.059
3.7	-0.056
3.705	-0.057
3.71	-0.059
3.715	-0.060
3.72	-0.058
3.725	-0.053
3.73	-0.045
3.735	-0.033
3.74	-0.014
3.745	0.008
3.75	0.026
3.755	0.033
3.76	0.032
3.765	0.031
3.77	0.035
3.775	0.035
3.78	0.025
3.785	0.007
3.79	-0.008
3.795	-0.024
3.8	-0.048
3.805	-0.083
3.81	-0.115
3.815	-0.133
3.82	-0.143
3.825	-0.153
3.83	-0.155
3.835	-0.137
3.84	-0.102
3.845	-0.069
3.85	-0.046
3.855	-0.022
3.86	0.007
3.865	0.026
3.87	0.022
3.875	0.008
3.88	0.005
3.885	0.017
3.89	0.031
3.895	0.035
3.9	0.032
3.905	0.029
3.91	0.031
3.915	0.035
3.92	0.038
3.925	0.031
3.93	0.011
3.935	-0.010
3.94	-0.016
3.945	-0.007
3.95	-0.008
3.955	-0.039
3.96	-0.092
3.965	-0.145
3.97	-0.182
3.975	-0.205
3.98	-0.217
3.985	-0.220
3.99	-0.212
3.995	-0.196
4	-0.173
4.005	-0.138
4.01	-0.096
4.015	-0.054
4.02	-0.021
4.025	0.008
4.03	0.036
4.035	0.063
4.04	0.084
4.045	0.099
4.05	0.110
4.055	0.118
4.06	0.124
4.065	0.132
4.07	0.144
4.075	0.162
4.08	0.178
4.085	0.186
4.09	0.187
4.095	0.183
4.1	0.176
4.105	0.169
4.11	0.162
4.115	0.158
4.12	0.156
4.125	0.157
4.13	0.164
4.135	0.172
4.14	0.170
4.145	0.152
4.15	0.128
4.155	0.119
4.16	0.125
4.165	0.127
4.17	0.109
4.175	0.083
4.18	0.068
4.185	0.072
4.19	0.077
4.195	0.071
4.2	0.052
4.205	0.034
4.21	0.027
4.215	0.027
4.22	0.021
4.225	-0.006
4.23	-0.048
4.235	-0.085
4.24	-0.103
4.245	-0.109
4.25	-0.115
4.255	-0.122
4.26	-0.121
4.265	-0.119
4.27	-0.131
4.275	-0.155
4.28	-0.179
4.285	-0.205
4.29	-0.249
4.295	-0.313
4.3	-0.369
4.305	-0.394
4.31	-0.399
4.315	-0.407
4.32	-0.419
4.325	-0.413
4.33	-0.382
4.335	-0.342
4.34	-0.313
4.345	-0.295
4.35	-0.279
4.355	-0.262
4.36	-0.243
4.365	-0.222
4.37	-0.196
4.375	-0.165
4.38	-0.131
4.385	-0.099
4.39	-0.079
4.395	-0.071
4.4	-0.061
4.405	-0.031
4.41	0.018
4.415	0.067
4.42	0.102
4.425	0.128
4.43	0.154
4.435	0.174
4.44	0.174
4.445	0.158
4.45	0.144
4.455	0.137
4.46	0.124
4.465	0.093
4.47	0.053
4.475	0.027
4.48	0.019
4.485	0.015
4.49	0.002
4.495	-0.016
4.5	-0.032
4.505	-0.045
4.51	-0.069
4.515	-0.109
4.52	-0.155
4.525	-0.193
4.53	-0.218
4.535	-0.229
4.54	-0.224
4.545	-0.201
4.55	-0.163
4.555	-0.123
4.56	-0.090
4.565	-0.064
4.57	-0.042
4.575	-0.030
4.58	-0.033
4.585	-0.044
4.59	-0.052
4.595	-0.049
4.6	-0.043
4.605	-0.044
4.61	-0.052
4.615	-0.060
4.62	-0.067
4.625	-0.081
4.63	-0.104
4.635	-0.130
4.64	-0.154
4.645	-0.180
4.65	-0.212
4.655	-0.244
4.66	-0.267
4.665	-0.279
4.67	-0.289
4.675	-0.305
4.68	-0.335
4.685	-0.371
4.69	-0.400
4.695	-0.414
4.7	-0.419
4.705	-0.435
4.71	-0.465
4.715	-0.485
4.72	-0.474
4.725	-0.446
4.73	-0.433
4.735	-0.440
4.74	-0.435
4.745	-0.392
4.75	-0.334
4.755	-0.294
4.76	-0.274
4.765	-0.238
4.77	-0.169
4.775	-0.085
4.78	-0.004
4.785	0.082
4.79	0.189
4.795	0.306
4.8	0.415
4.805	0.519
4.81	0.634
4.815	0.758
4.82	0.860
4.825	0.929
4.83	0.978
4.835	1.020
4.84	1.040
4.845	1.010
4.85	0.969
4.855	0.927
4.86	0.891
4.865	0.838
4.87	0.764
4.875	0.688
4.88	0.624
4.885	0.562
4.89	0.476
4.895	0.367
4.9	0.254
4.905	0.163
4.91	0.104
4.915	0.072
4.92	0.051
4.925	0.039
4.93	0.045
4.935	0.077
4.94	0.127
4.945	0.187
4.95	0.270
4.955	0.396
4.96	0.554
4.965	0.697
4.97	0.790
4.975	0.851
4.98	0.906
4.985	0.947
4.99	0.949
4.995	0.923
5	0.898
5.005	0.869
5.01	0.785
5.015	0.624
5.02	0.429
5.025	0.260
5.03	0.119
5.035	-0.030
5.04	-0.198
5.045	-0.366
5.05	-0.524
5.055	-0.689
5.06	-0.869
5.065	-1.030
5.07	-1.150
5.075	-1.210
5.08	-1.230
5.085	-1.230
5.09	-1.200
5.095	-1.140
5.1	-1.060
5.105	-0.977
5.11	-0.888
5.115	-0.793
5.12	-0.695
5.125	-0.610
5.13	-0.552
5.135	-0.525
5.14	-0.519
5.145	-0.535
5.15	-0.589
5.155	-0.691
5.16	-0.814
5.165	-0.913
5.17	-0.968
5.175	-0.986
5.18	-0.964
5.185	-0.877
5.19	-0.722
5.195	-0.543
5.2	-0.393
5.205	-0.268
5.21	-0.125
5.215	0.051
5.22	0.219
5.225	0.352
5.23	0.480
5.235	0.644
5.24	0.832
5.245	0.980
5.25	1.060
5.255	1.100
5.26	1.130
5.265	1.160
5.27	1.160
5.275	1.140
5.28	1.120
5.285	1.090
5.29	1.040
5.295	0.925
5.3	0.789
5.305	0.674
5.31	0.596
5.315	0.540
5.32	0.489
5.325	0.447
5.33	0.425
5.335	0.418
5.34	0.415
5.345	0.417
5.35	0.434
5.355	0.458
5.36	0.464
5.365	0.438
5.37	0.388
5.375	0.339
5.38	0.299
5.385	0.260
5.39	0.220
5.395	0.191
5.4	0.185
5.405	0.192
5.41	0.198
5.415	0.207
5.42	0.246
5.425	0.327
5.43	0.428
5.435	0.509
5.44	0.545
5.445	0.532
5.45	0.467
5.455	0.343
5.46	0.174
5.465	0.001
5.47	-0.136
5.475	-0.227
5.48	-0.286
5.485	-0.316
5.49	-0.308
5.495	-0.261
5.5	-0.191
5.505	-0.122
5.51	-0.057
5.515	0.001
5.52	0.045
5.525	0.065
5.53	0.067
5.535	0.068
5.54	0.075
5.545	0.085
5.55	0.092
5.555	0.096
5.56	0.093
5.565	0.077
5.57	0.050
5.575	0.023
5.58	0.004
5.585	-0.010
5.59	-0.030
5.595	-0.060
5.6	-0.099
5.605	-0.154
5.61	-0.228
5.615	-0.316
5.62	-0.393
5.625	-0.444
5.63	-0.464
5.635	-0.462
5.64	-0.441
5.645	-0.402
5.65	-0.353
5.655	-0.304
5.66	-0.261
5.665	-0.232
5.67	-0.222
5.675	-0.236
5.68	-0.268
5.685	-0.315
5.69	-0.377
5.695	-0.465
5.7	-0.577
5.705	-0.704
5.71	-0.828
5.715	-0.932
5.72	-1.000
5.725	-1.050
5.73	-1.080
5.735	-1.100
5.74	-1.110
5.745	-1.100
5.75	-1.090
5.755	-1.100
5.76	-1.110
5.765	-1.090
5.77	-1.050
5.775	-1.020
5.78	-1.000
5.785	-0.943
5.79	-0.797
5.795	-0.610
5.8	-0.455
5.805	-0.340
5.81	-0.202
5.815	-0.010
5.82	0.187
5.825	0.317
5.83	0.374
5.835	0.396
5.84	0.408
5.845	0.398
5.85	0.363
5.855	0.325
5.86	0.301
5.865	0.281
5.87	0.250
5.875	0.214
5.88	0.183
5.885	0.151
5.89	0.101
5.895	0.037
5.9	-0.011
5.905	-0.018
5.91	0.014
5.915	0.071
5.92	0.154
5.925	0.271
5.93	0.409
5.935	0.525
5.94	0.582
5.945	0.576
5.95	0.537
5.955	0.483
5.96	0.412
5.965	0.318
5.97	0.214
5.975	0.118
5.98	0.045
5.985	0.001
5.99	-0.008
5.995	0.016
6	0.062
6.005	0.114
6.01	0.162
6.015	0.202
6.02	0.226
6.025	0.227
6.03	0.212
6.035	0.189
6.04	0.155
6.045	0.106
6.05	0.053
6.055	0.018
6.06	0.010
6.065	0.021
6.07	0.054
6.075	0.137
6.08	0.280
6.085	0.437
6.09	0.544
6.095	0.578
6.1	0.574
6.105	0.556
6.11	0.512
6.115	0.425
6.12	0.320
6.125	0.245
6.13	0.212
6.135	0.196
6.14	0.182
6.145	0.181
6.15	0.206
6.155	0.241
6.16	0.263
6.165	0.265
6.17	0.258
6.175	0.247
6.18	0.230
6.185	0.199
6.19	0.153
6.195	0.095
6.2	0.038
6.205	-0.005
6.21	-0.035
6.215	-0.063
6.22	-0.098
6.225	-0.130
6.23	-0.151
6.235	-0.166
6.24	-0.189
6.245	-0.217
6.25	-0.237
6.255	-0.250
6.26	-0.272
6.265	-0.309
6.27	-0.352
6.275	-0.397
6.28	-0.452
6.285	-0.513
6.29	-0.550
6.295	-0.546
6.3	-0.516
6.305	-0.490
6.31	-0.476
6.315	-0.470
6.32	-0.468
6.325	-0.481
6.33	-0.507
6.335	-0.533
6.34	-0.549
6.345	-0.552
6.35	-0.539
6.355	-0.499
6.36	-0.435
6.365	-0.361
6.37	-0.290
6.375	-0.218
6.38	-0.140
6.385	-0.061
6.39	0.012
6.395	0.079
6.4	0.149
6.405	0.222
6.41	0.286
6.415	0.337
6.42	0.378
6.425	0.415
6.43	0.452
6.435	0.491
6.44	0.528
6.445	0.561
6.45	0.589
6.455	0.615
6.46	0.645
6.465	0.674
6.47	0.692
6.475	0.691
6.48	0.675
6.485	0.654
6.49	0.633
6.495	0.608
6.5	0.569
6.505	0.511
6.51	0.443
6.515	0.381
6.52	0.339
6.525	0.318
6.53	0.316
6.535	0.329
6.54	0.357
6.545	0.393
6.55	0.431
6.555	0.469
6.56	0.505
6.565	0.530
6.57	0.534
6.575	0.522
6.58	0.503
6.585	0.481
6.59	0.448
6.595	0.401
6.6	0.346
6.605	0.291
6.61	0.231
6.615	0.160
6.62	0.079
6.625	-0.005
6.63	-0.087
6.635	-0.163
6.64	-0.230
6.645	-0.289
6.65	-0.340
6.655	-0.378
6.66	-0.393
6.665	-0.383
6.67	-0.358
6.675	-0.334
6.68	-0.315
6.685	-0.296
6.69	-0.276
6.695	-0.262
6.7	-0.257
6.705	-0.260
6.71	-0.267
6.715	-0.278
6.72	-0.288
6.725	-0.298
6.73	-0.315
6.735	-0.346
6.74	-0.387
6.745	-0.422
6.75	-0.443
6.755	-0.460
6.76	-0.489
6.765	-0.528
6.77	-0.560
6.775	-0.572
6.78	-0.575
6.785	-0.582
6.79	-0.587
6.795	-0.571
6.8	-0.536
6.805	-0.507
6.81	-0.502
6.815	-0.502
6.82	-0.482
6.825	-0.448
6.83	-0.427
6.835	-0.425
6.84	-0.415
6.845	-0.378
6.85	-0.331
6.855	-0.293
6.86	-0.259
6.865	-0.216
6.87	-0.174
6.875	-0.152
6.88	-0.141
6.885	-0.116
6.89	-0.079
6.895	-0.062
6.9	-0.077
6.905	-0.098
6.91	-0.104
6.915	-0.107
6.92	-0.129
6.925	-0.164
6.93	-0.192
6.935	-0.211
6.94	-0.229
6.945	-0.237
6.95	-0.218
6.955	-0.175
6.96	-0.130
6.965	-0.089
6.97	-0.043
6.975	0.007
6.98	0.041
6.985	0.054
6.99	0.063
6.995	0.084
7	0.108
7.005	0.122
7.01	0.125
7.015	0.129
7.02	0.142
7.025	0.165
7.03	0.195
7.035	0.230
7.04	0.262
7.045	0.289
7.05	0.314
7.055	0.338
7.06	0.350
7.065	0.342
7.07	0.322
7.075	0.300
7.08	0.276
7.085	0.247
7.09	0.218
7.095	0.203
7.1	0.199
7.105	0.197
7.11	0.200
7.115	0.218
7.12	0.247
7.125	0.274
7.13	0.297
7.135	0.326
7.14	0.368
7.145	0.407
7.15	0.434
7.155	0.457
7.16	0.490
7.165	0.523
7.17	0.540
7.175	0.541
7.18	0.541
7.185	0.540
7.19	0.516
7.195	0.454
7.2	0.355
7.205	0.242
7.21	0.133
7.215	0.042
7.22	-0.025
7.225	-0.073
7.23	-0.111
7.235	-0.145
7.24	-0.179
7.245	-0.219
7.25	-0.270
7.255	-0.330
7.26	-0.384
7.265	-0.425
7.27	-0.455
7.275	-0.475
7.28	-0.486
7.285	-0.486
7.29	-0.486
7.295	-0.492
7.3	-0.496
7.305	-0.488
7.31	-0.462
7.315	-0.420
7.32	-0.362
7.325	-0.292
7.33	-0.221
7.335	-0.167
7.34	-0.130
7.345	-0.098
7.35	-0.067
7.355	-0.048
7.36	-0.051
7.365	-0.064
7.37	-0.075
7.375	-0.082
7.38	-0.095
7.385	-0.114
7.39	-0.128
7.395	-0.132
7.4	-0.136
7.405	-0.146
7.41	-0.158
7.415	-0.164
7.42	-0.162
7.425	-0.160
7.43	-0.162
7.435	-0.165
7.44	-0.166
7.445	-0.160
7.45	-0.146
7.455	-0.130
7.46	-0.121
7.465	-0.111
7.47	-0.090
7.475	-0.058
7.48	-0.031
7.485	-0.012
7.49	0.015
7.495	0.065
7.5	0.130
7.505	0.185
7.51	0.221
7.515	0.248
7.52	0.271
7.525	0.278
7.53	0.262
7.535	0.238
7.54	0.221
7.545	0.208
7.55	0.186
7.555	0.158
7.56	0.141
7.565	0.145
7.57	0.161
7.575	0.179
7.58	0.202
7.585	0.233
7.59	0.262
7.595	0.281
7.6	0.292
7.605	0.309
7.61	0.330
7.615	0.344
7.62	0.346
7.625	0.348
7.63	0.362
7.635	0.377
7.64	0.376
7.645	0.364
7.65	0.355
7.655	0.346
7.66	0.315
7.665	0.251
7.67	0.175
7.675	0.113
7.68	0.063
7.685	0.005
7.69	-0.059
7.695	-0.105
7.7	-0.126
7.705	-0.140
7.71	-0.163
7.715	-0.186
7.72	-0.185
7.725	-0.157
7.73	-0.123
7.735	-0.094
7.74	-0.067
7.745	-0.039
7.75	-0.014
7.755	0.005
7.76	0.021
7.765	0.035
7.77	0.043
7.775	0.041
7.78	0.040
7.785	0.049
7.79	0.065
7.795	0.079
7.8	0.093
7.805	0.116
7.81	0.148
7.815	0.177
7.82	0.192
7.825	0.198
7.83	0.205
7.835	0.209
7.84	0.207
7.845	0.197
7.85	0.188
7.855	0.187
7.86	0.188
7.865	0.190
7.87	0.197
7.875	0.212
7.88	0.227
7.885	0.233
7.89	0.229
7.895	0.228
7.9	0.230
7.905	0.221
7.91	0.194
7.915	0.162
7.92	0.139
7.925	0.122
7.93	0.104
7.935	0.085
7.94	0.075
7.945	0.074
7.95	0.067
7.955	0.050
7.96	0.033
7.965	0.024
7.97	0.012
7.975	-0.007
7.98	-0.022
7.985	-0.023
7.99	-0.020
7.995	-0.025
8	-0.031
8.005	-0.026
8.01	-0.012
8.015	-0.007
8.02	-0.008
8.025	0.000
8.03	0.017
8.035	0.024
8.04	0.009
8.045	-0.014
8.05	-0.035
8.055	-0.067
8.06	-0.123
8.065	-0.191
8.07	-0.249
8.075	-0.297
8.08	-0.354
8.085	-0.417
8.09	-0.464
8.095	-0.482
8.1	-0.485
8.105	-0.490
8.11	-0.489
8.115	-0.470
8.12	-0.442
8.125	-0.422
8.13	-0.412
8.135	-0.401
8.14	-0.387
8.145	-0.380
8.15	-0.383
8.155	-0.387
8.16	-0.383
8.165	-0.374
8.17	-0.364
8.175	-0.352
8.18	-0.337
8.185	-0.323
8.19	-0.312
8.195	-0.298
8.2	-0.275
8.205	-0.245
8.21	-0.216
8.215	-0.192
8.22	-0.166
8.225	-0.135
8.23	-0.104
8.235	-0.077
8.24	-0.057
8.245	-0.038
8.25	-0.022
8.255	-0.012
8.26	-0.009
8.265	-0.001
8.27	0.030
8.275	0.086
8.28	0.153
8.285	0.212
8.29	0.255
8.295	0.292
8.3	0.324
8.305	0.343
8.31	0.343
8.315	0.335
8.32	0.331
8.325	0.331
8.33	0.325
8.335	0.312
8.34	0.302
8.345	0.305
8.35	0.316
8.355	0.325
8.36	0.326
8.365	0.324
8.37	0.323
8.375	0.325
8.38	0.327
8.385	0.316
8.39	0.286
8.395	0.242
8.4	0.201
8.405	0.174
8.41	0.157
8.415	0.140
8.42	0.124
8.425	0.116
8.43	0.118
8.435	0.118
8.44	0.108
8.445	0.095
8.45	0.089
8.455	0.091
8.46	0.096
8.465	0.095
8.47	0.086
8.475	0.067
8.48	0.041
8.485	0.014
8.49	-0.013
8.495	-0.040
8.5	-0.068
8.505	-0.089
8.51	-0.095
8.515	-0.091
8.52	-0.092
8.525	-0.109
8.53	-0.130
8.535	-0.140
8.54	-0.134
8.545	-0.119
8.55	-0.107
8.555	-0.101
8.56	-0.101
8.565	-0.102
8.57	-0.100
8.575	-0.087
8.58	-0.068
8.585	-0.056
8.59	-0.060
8.595	-0.076
8.6	-0.090
8.605	-0.097
8.61	-0.108
8.615	-0.130
8.62	-0.163
8.625	-0.201
8.63	-0.238
8.635	-0.267
8.64	-0.285
8.645	-0.298
8.65	-0.316
8.655	-0.333
8.66	-0.335
8.665	-0.315
8.67	-0.291
8.675	-0.285
8.68	-0.293
8.685	-0.296
8.69	-0.280
8.695	-0.263
8.7	-0.260
8.705	-0.268
8.71	-0.270
8.715	-0.257
8.72	-0.237
8.725	-0.217
8.73	-0.192
8.735	-0.150
8.74	-0.085
8.745	-0.005
8.75	0.072
8.755	0.130
8.76	0.169
8.765	0.197
8.77	0.221
8.775	0.239
8.78	0.249
8.785	0.252
8.79	0.255
8.795	0.255
8.8	0.245
8.805	0.224
8.81	0.202
8.815	0.178
8.82	0.144
8.825	0.096
8.83	0.049
8.835	0.017
8.84	-0.006
8.845	-0.033
8.85	-0.058
8.855	-0.071
8.86	-0.069
8.865	-0.067
8.87	-0.074
8.875	-0.079
8.88	-0.072
8.885	-0.056
8.89	-0.037
8.895	-0.013
8.9	0.017
8.905	0.042
8.91	0.054
8.915	0.062
8.92	0.084
8.925	0.116
8.93	0.136
8.935	0.133
8.94	0.115
8.945	0.098
8.95	0.081
8.955	0.060
8.96	0.040
8.965	0.027
8.97	0.019
8.975	0.011
8.98	0.003
8.985	-0.003
8.99	-0.006
8.995	-0.002
9	0.010
9.005	0.022
9.01	0.020
9.015	0.000
9.02	-0.021
9.025	-0.027
9.03	-0.026
9.035	-0.037
9.04	-0.059
9.045	-0.072
9.05	-0.071
9.055	-0.073
9.06	-0.088
9.065	-0.102
9.07	-0.098
9.075	-0.083
9.08	-0.071
9.085	-0.063
9.09	-0.044
9.095	-0.015
9.1	0.008
9.105	0.013
9.11	0.010
9.115	0.013
9.12	0.022
9.125	0.023
9.13	0.014
9.135	0.002
9.14	-0.004
9.145	-0.002
9.15	0.007
9.155	0.021
9.16	0.035
9.165	0.041
9.17	0.038
9.175	0.036
9.18	0.045
9.185	0.060
9.19	0.068
9.195	0.063
9.2	0.059
9.205	0.067
9.21	0.084
9.215	0.092
9.22	0.086
9.225	0.076
9.23	0.069
9.235	0.066
9.24	0.065
9.245	0.069
9.25	0.078
9.255	0.082
9.26	0.075
9.265	0.061
9.27	0.046
9.275	0.028
9.28	0.001
9.285	-0.029
9.29	-0.052
9.295	-0.064
9.3	-0.070
9.305	-0.071
9.31	-0.062
9.315	-0.047
9.32	-0.036
9.325	-0.027
9.33	-0.009
9.335	0.019
9.34	0.043
9.345	0.055
9.35	0.059
9.355	0.062
9.36	0.063
9.365	0.062
9.37	0.065
9.375	0.075
9.38	0.084
9.385	0.086
9.39	0.093
9.395	0.118
9.4	0.153
9.405	0.174
9.41	0.176
9.415	0.175
9.42	0.180
9.425	0.180
9.43	0.162
9.435	0.134
9.44	0.113
9.445	0.101
9.45	0.088
9.455	0.074
9.46	0.066
9.465	0.067
9.47	0.069
9.475	0.066
9.48	0.063
9.485	0.063
9.49	0.066
9.495	0.067
9.5	0.064
9.505	0.062
9.51	0.064
9.515	0.070
9.52	0.079
9.525	0.088
9.53	0.089
9.535	0.078
9.54	0.057
9.545	0.035
9.55	0.017
9.555	0.003
9.56	-0.010
9.565	-0.024
9.57	-0.029
9.575	-0.023
9.58	-0.009
9.585	0.004
9.59	0.011
9.595	0.014
9.6	0.015
9.605	0.015
9.61	0.016
9.615	0.018
9.62	0.019
9.625	0.017
9.63	0.016
9.635	0.017
9.64	0.020
9.645	0.018
9.65	0.012
9.655	0.002
9.66	-0.015
9.665	-0.049
9.67	-0.099
9.675	-0.148
9.68	-0.188
9.685	-0.220
9.69	-0.250
9.695	-0.272
9.7	-0.278
9.705	-0.270
9.71	-0.258
9.715	-0.248
9.72	-0.236
9.725	-0.221
9.73	-0.208
9.735	-0.200
9.74	-0.198
9.745	-0.199
9.75	-0.201
9.755	-0.199
9.76	-0.190
9.765	-0.178
9.77	-0.167
9.775	-0.152
9.78	-0.126
9.785	-0.095
9.79	-0.072
9.795	-0.057
9.8	-0.037
9.805	-0.009
9.81	0.010
9.815	0.009
9.82	0.006
9.825	0.013
9.83	0.019
9.835	0.004
9.84	-0.023
9.845	-0.036
9.85	-0.032
9.855	-0.035
9.86	-0.058
9.865	-0.080
9.87	-0.082
9.875	-0.073
9.88	-0.075
9.885	-0.089
9.89	-0.100
9.895	-0.103
9.9	-0.105
9.905	-0.106
9.91	-0.096
9.915	-0.076
9.92	-0.055
9.925	-0.039
9.93	-0.021
9.935	0.002
9.94	0.024
9.945	0.038
9.95	0.046
9.955	0.053
9.96	0.058
9.965	0.057
9.97	0.054
9.975	0.057
9.98	0.067
9.985	0.081
9.99	0.094
9.995	0.106
10	0.118
10.005	0.132
10.01	0.150
10.015	0.174
10.02	0.197
10.025	0.213
10.03	0.224
10.035	0.237
10.04	0.255
10.045	0.269
10.05	0.268
10.055	0.249
10.06	0.223
10.065	0.198
10.07	0.174
10.075	0.147
10.08	0.117
10.085	0.091
10.09	0.073
10.095	0.057
10.1	0.029
10.105	-0.006
10.11	-0.030
10.115	-0.034
10.12	-0.030
10.125	-0.034
10.13	-0.042
10.135	-0.043
10.14	-0.038
10.145	-0.037
10.15	-0.043
10.155	-0.045
10.16	-0.035
10.165	-0.017
10.17	0.003
10.175	0.021
10.18	0.034
10.185	0.044
10.19	0.056
10.195	0.079
10.2	0.109
10.205	0.129
10.21	0.135
10.215	0.138
10.22	0.147
10.225	0.150
10.23	0.133
10.235	0.105
10.24	0.081
10.245	0.059
10.25	0.027
10.255	-0.006
10.26	-0.025
10.265	-0.032
10.27	-0.046
10.275	-0.071
10.28	-0.088
10.285	-0.088
10.29	-0.086
10.295	-0.090
10.3	-0.093
10.305	-0.088
10.31	-0.092
10.315	-0.113
10.32	-0.136
10.325	-0.139
10.33	-0.131
10.335	-0.137
10.34	-0.159
10.345	-0.179
10.35	-0.188
10.355	-0.197
10.36	-0.215
10.365	-0.233
10.37	-0.242
10.375	-0.235
10.38	-0.214
10.385	-0.183
10.39	-0.153
10.395	-0.128
10.4	-0.102
10.405	-0.066
10.41	-0.027
10.415	0.000
10.42	0.019
10.425	0.048
10.43	0.090
10.435	0.127
10.44	0.148
10.445	0.167
10.45	0.191
10.455	0.209
10.46	0.205
10.465	0.186
10.47	0.166
10.475	0.141
10.48	0.106
10.485	0.067
10.49	0.035
10.495	0.008
10.5	-0.023
10.505	-0.048
10.51	-0.049
10.515	-0.030
10.52	-0.014
10.525	-0.010
10.53	-0.001
10.535	0.020
10.54	0.039
10.545	0.041
10.55	0.034
10.555	0.033
10.56	0.039
10.565	0.042
10.57	0.041
10.575	0.045
10.58	0.059
10.585	0.079
10.59	0.099
10.595	0.114
10.6	0.125
10.605	0.138
10.61	0.156
10.615	0.174
10.62	0.180
10.625	0.174
10.63	0.167
10.635	0.174
10.64	0.195
10.645	0.215
10.65	0.223
10.655	0.217
10.66	0.204
10.665	0.191
10.67	0.180
10.675	0.163
10.68	0.134
10.685	0.098
10.69	0.069
10.695	0.055
10.7	0.044
10.705	0.025
10.71	0.005
10.715	-0.006
10.72	-0.015
10.725	-0.033
10.73	-0.055
10.735	-0.063
10.74	-0.057
10.745	-0.059
10.75	-0.082
10.755	-0.108
10.76	-0.115
10.765	-0.104
10.77	-0.088
10.775	-0.070
10.78	-0.050
10.785	-0.033
10.79	-0.025
10.795	-0.024
10.8	-0.023
10.805	-0.025
10.81	-0.043
10.815	-0.073
10.82	-0.104
10.825	-0.127
10.83	-0.148
10.835	-0.169
10.84	-0.188
10.845	-0.199
10.85	-0.206
10.855	-0.210
10.86	-0.210
10.865	-0.205
10.87	-0.196
10.875	-0.183
10.88	-0.168
10.885	-0.155
10.89	-0.145
10.895	-0.132
10.9	-0.107
10.905	-0.079
10.91	-0.062
10.915	-0.056
10.92	-0.042
10.925	-0.013
10.93	0.015
10.935	0.028
10.94	0.038
10.945	0.056
10.95	0.075
10.955	0.081
10.96	0.074
10.965	0.069
10.97	0.066
10.975	0.053
10.98	0.032
10.985	0.019
10.99	0.014
10.995	-0.004
11	-0.040
11.005	-0.072
11.01	-0.084
11.015	-0.090
11.02	-0.110
11.025	-0.129
11.03	-0.124
11.035	-0.098
11.04	-0.077
11.045	-0.069
11.05	-0.055
11.055	-0.023
11.06	0.011
11.065	0.031
11.07	0.043
11.075	0.055
11.08	0.059
11.085	0.049
11.09	0.034
11.095	0.025
11.1	0.012
11.105	-0.019
11.11	-0.055
11.115	-0.073
11.12	-0.072
11.125	-0.078
11.13	-0.100
11.135	-0.119
11.14	-0.123
11.145	-0.125
11.15	-0.134
11.155	-0.134
11.16	-0.114
11.165	-0.091
11.17	-0.086
11.175	-0.093
11.18	-0.091
11.185	-0.082
11.19	-0.089
11.195	-0.111
11.2	-0.128
11.205	-0.132
11.21	-0.142
11.215	-0.166
11.22	-0.186
11.225	-0.183
11.23	-0.173
11.235	-0.177
11.24	-0.190
11.245	-0.190
11.25	-0.173
11.255	-0.153
11.26	-0.138
11.265	-0.121
11.27	-0.098
11.275	-0.077
11.28	-0.059
11.285	-0.038
11.29	-0.013
11.295	0.007
11.3	0.022
11.305	0.045
11.31	0.078
11.315	0.106
11.32	0.114
11.325	0.113
11.33	0.114
11.335	0.110
11.34	0.088
11.345	0.055
11.35	0.029
11.355	0.018
11.36	0.006
11.365	-0.012
11.37	-0.027
11.375	-0.023
11.38	-0.008
11.385	0.004
11.39	0.010
11.395	0.020
11.4	0.041
11.405	0.066
11.41	0.084
11.415	0.088
11.42	0.081
11.425	0.067
11.43	0.055
11.435	0.046
11.44	0.033
11.445	0.016
11.45	0.001
11.455	-0.004
11.46	-0.002
11.465	-0.002
11.47	-0.002
11.475	0.008
11.48	0.028
11.485	0.043
11.49	0.048
11.495	0.057
11.5	0.081
11.505	0.108
11.51	0.120
11.515	0.124
11.52	0.140
11.525	0.166
11.53	0.181
11.535	0.176
11.54	0.171
11.545	0.180
11.55	0.184
11.555	0.165
11.56	0.136
11.565	0.127
11.57	0.140
11.575	0.142
11.58	0.117
11.585	0.084
11.59	0.068
11.595	0.066
11.6	0.053
11.605	0.022
11.61	-0.005
11.615	-0.012
11.62	-0.001
11.625	0.011
11.63	0.018
11.635	0.026
11.64	0.041
11.645	0.060
11.65	0.072
11.655	0.076
11.66	0.076
11.665	0.078
11.67	0.083
11.675	0.080
11.68	0.065
11.685	0.045
11.69	0.031
11.695	0.026
11.7	0.024
11.705	0.021
11.71	0.020
11.715	0.028
11.72	0.045
11.725	0.061
11.73	0.071
11.735	0.076
11.74	0.085
11.745	0.096
11.75	0.101
11.755	0.094
11.76	0.079
11.765	0.065
11.77	0.054
11.775	0.042
11.78	0.028
11.785	0.012
11.79	-0.003
11.795	-0.014
11.8	-0.016
11.805	-0.014
11.81	-0.017
11.815	-0.030
11.82	-0.042
11.825	-0.044
11.83	-0.039
11.835	-0.041
11.84	-0.046
11.845	-0.043
11.85	-0.029
11.855	-0.019
11.86	-0.022
11.865	-0.027
11.87	-0.023
11.875	-0.017
11.88	-0.025
11.885	-0.043
11.89	-0.056
11.895	-0.062
11.9	-0.076
11.905	-0.102
11.91	-0.127
11.915	-0.137
11.92	-0.137
11.925	-0.136
11.93	-0.134
11.935	-0.125
11.94	-0.112
11.945	-0.096
11.95	-0.073
11.955	-0.043
11.96	-0.016
11.965	-0.005
11.97	-0.004
11.975	0.004
11.98	0.019
11.985	0.028
11.99	0.022
11.995	0.015
12	0.020
12.005	0.033
12.01	0.040
12.015	0.040
12.02	0.047
12.025	0.067
12.03	0.093
12.035	0.109
12.04	0.112
12.045	0.110
12.05	0.111
12.055	0.117
12.06	0.120
12.065	0.111
12.07	0.093
12.075	0.079
12.08	0.074
12.085	0.073
12.09	0.071
12.095	0.068
12.1	0.068
12.105	0.069
12.11	0.068
12.115	0.066
12.12	0.070
12.125	0.080
12.13	0.089
12.135	0.091
12.14	0.089
12.145	0.089
12.15	0.090
12.155	0.094
12.16	0.105
12.165	0.121
12.17	0.133
12.175	0.136
12.18	0.133
12.185	0.136
12.19	0.141
12.195	0.138
12.2	0.120
12.205	0.092
12.21	0.063
12.215	0.037
12.22	0.015
12.225	-0.005
12.23	-0.023
12.235	-0.038
12.24	-0.047
12.245	-0.047
12.25	-0.039
12.255	-0.030
12.26	-0.026
12.265	-0.029
12.27	-0.032
12.275	-0.029
12.28	-0.024
12.285	-0.024
12.29	-0.034
12.295	-0.047
12.3	-0.058
12.305	-0.069
12.31	-0.084
12.315	-0.102
12.32	-0.113
12.325	-0.116
12.33	-0.121
12.335	-0.133
12.34	-0.144
12.345	-0.145
12.35	-0.140
12.355	-0.145
12.36	-0.159
12.365	-0.169
12.37	-0.168
12.375	-0.165
12.38	-0.168
12.385	-0.171
12.39	-0.165
12.395	-0.153
12.4	-0.139
12.405	-0.124
12.41	-0.102
12.415	-0.078
12.42	-0.061
12.425	-0.049
12.43	-0.038
12.435	-0.029
12.44	-0.028
12.445	-0.031
12.45	-0.030
12.455	-0.024
12.46	-0.024
12.465	-0.034
12.47	-0.045
12.475	-0.049
12.48	-0.051
12.485	-0.059
12.49	-0.071
12.495	-0.076
12.5	-0.073
12.505	-0.071
12.51	-0.073
12.515	-0.077
12.52	-0.076
12.525	-0.072
12.53	-0.073
12.535	-0.085
12.54	-0.101
12.545	-0.114
12.55	-0.117
12.555	-0.119
12.56	-0.128
12.565	-0.143
12.57	-0.148
12.575	-0.138
12.58	-0.121
12.585	-0.111
12.59	-0.104
12.595	-0.089
12.6	-0.064
12.605	-0.040
12.61	-0.022
12.615	-0.005
12.62	0.019
12.625	0.045
12.63	0.060
12.635	0.070
12.64	0.087
12.645	0.116
12.65	0.143
12.655	0.155
12.66	0.155
12.665	0.155
12.67	0.162
12.675	0.170
12.68	0.179
12.685	0.193
12.69	0.211
12.695	0.223
12.7	0.227
12.705	0.230
12.71	0.241
12.715	0.255
12.72	0.259
12.725	0.255
12.73	0.255
12.735	0.260
12.74	0.260
12.745	0.246
12.75	0.229
12.755	0.219
12.76	0.217
12.765	0.212
12.77	0.202
12.775	0.193
12.78	0.188
12.785	0.183
12.79	0.174
12.795	0.166
12.8	0.160
12.805	0.154
12.81	0.140
12.815	0.118
12.82	0.096
12.825	0.076
12.83	0.060
12.835	0.046
12.84	0.032
12.845	0.009
12.85	-0.028
12.855	-0.069
12.86	-0.101
12.865	-0.124
12.87	-0.150
12.875	-0.184
12.88	-0.216
12.885	-0.236
12.89	-0.244
12.895	-0.251
12.9	-0.257
12.905	-0.256
12.91	-0.247
12.915	-0.240
12.92	-0.236
12.925	-0.231
12.93	-0.220
12.935	-0.210
12.94	-0.210
12.945	-0.214
12.95	-0.208
12.955	-0.194
12.96	-0.184
12.965	-0.186
12.97	-0.191
12.975	-0.186
12.98	-0.170
12.985	-0.154
12.99	-0.144
12.995	-0.133
13	-0.120
13.005	-0.113
13.01	-0.117
13.015	-0.120
13.02	-0.108
13.025	-0.084
13.03	-0.072
13.035	-0.079
13.04	-0.091
13.045	-0.092
13.05	-0.086
13.055	-0.087
13.06	-0.092
13.065	-0.090
13.07	-0.078
13.075	-0.070
13.08	-0.068
13.085	-0.064
13.09	-0.049
13.095	-0.033
13.1	-0.021
13.105	-0.009
13.11	0.008
13.115	0.021
13.12	0.025
13.125	0.027
13.13	0.040
13.135	0.059
13.14	0.070
13.145	0.072
13.15	0.074
13.155	0.075
13.16	0.069
13.165	0.058
13.17	0.052
13.175	0.055
13.18	0.056
13.185	0.052
13.19	0.052
13.195	0.062
13.2	0.074
13.205	0.077
13.21	0.074
13.215	0.073
13.22	0.077
13.225	0.078
13.23	0.077
13.235	0.077
13.24	0.076
13.245	0.076
13.25	0.080
13.255	0.092
13.26	0.102
13.265	0.100
13.27	0.088
13.275	0.076
13.28	0.066
13.285	0.047
13.29	0.020
13.295	-0.003
13.3	-0.010
13.305	-0.009
13.31	-0.012
13.315	-0.017
13.32	-0.018
13.325	-0.016
13.33	-0.016
13.335	-0.017
13.34	-0.017
13.345	-0.016
13.35	-0.017
13.355	-0.018
13.36	-0.011
13.365	0.001
13.37	0.008
13.375	0.009
13.38	0.015
13.385	0.033
13.39	0.053
13.395	0.064
13.4	0.067
13.405	0.073
13.41	0.085
13.415	0.096
13.42	0.100
13.425	0.100
13.43	0.101
13.435	0.101
13.44	0.101
13.445	0.102
13.45	0.104
13.455	0.103
13.46	0.095
13.465	0.084
13.47	0.071
13.475	0.056
13.48	0.042
13.485	0.035
13.49	0.036
13.495	0.036
13.5	0.028
13.505	0.016
13.51	0.010
13.515	0.008
13.52	0.002
13.525	-0.010
13.53	-0.018
13.535	-0.017
13.54	-0.011
13.545	-0.005
13.55	0.001
13.555	0.007
13.56	0.010
13.565	0.005
13.57	-0.004
13.575	-0.010
13.58	-0.013
13.585	-0.019
13.59	-0.032
13.595	-0.047
13.6	-0.060
13.605	-0.074
13.61	-0.088
13.615	-0.100
13.62	-0.108
13.625	-0.110
13.63	-0.108
13.635	-0.102
13.64	-0.095
13.645	-0.089
13.65	-0.084
13.655	-0.076
13.66	-0.067
13.665	-0.063
13.67	-0.065
13.675	-0.065
13.68	-0.054
13.685	-0.036
13.69	-0.021
13.695	-0.013
13.7	-0.002
13.705	0.016
13.71	0.034
13.715	0.045
13.72	0.049
13.725	0.051
13.73	0.054
13.735	0.051
13.74	0.037
13.745	0.022
13.75	0.014
13.755	0.011
13.76	0.006
13.765	-0.006
13.77	-0.022
13.775	-0.037
13.78	-0.049
13.785	-0.061
13.79	-0.075
13.795	-0.091
13.8	-0.106
13.805	-0.120
13.81	-0.128
13.815	-0.133
13.82	-0.134
13.825	-0.132
13.83	-0.125
13.835	-0.112
13.84	-0.097
13.845	-0.084
13.85	-0.072
13.855	-0.059
13.86	-0.044
13.865	-0.028
13.87	-0.014
13.875	-0.003
13.88	0.003
13.885	0.008
13.89	0.017
13.895	0.027
13.9	0.033
13.905	0.037
13.91	0.044
13.915	0.054
13.92	0.062
13.925	0.066
13.93	0.071
13.935	0.083
13.94	0.092
13.945	0.090
13.95	0.080
13.955	0.076
13.96	0.076
13.965	0.067
13.97	0.048
13.975	0.034
13.98	0.032
13.985	0.035
13.99	0.031
13.995	0.027
14	0.030
14.005	0.039
14.01	0.046
14.015	0.051
14.02	0.063
14.025	0.083
14.03	0.098
14.035	0.103
14.04	0.106
14.045	0.116
14.05	0.125
14.055	0.124
14.06	0.119
14.065	0.119
14.07	0.126
14.075	0.126
14.08	0.115
14.085	0.098
14.09	0.085
14.095	0.076
14.1	0.064
14.105	0.046
14.11	0.028
14.115	0.019
14.12	0.013
14.125	0.005
14.13	-0.004
14.135	-0.012
14.14	-0.017
14.145	-0.025
14.15	-0.036
14.155	-0.043
14.16	-0.039
14.165	-0.028
14.17	-0.020
14.175	-0.019
14.18	-0.023
14.185	-0.024
14.19	-0.020
14.195	-0.016
14.2	-0.019
14.205	-0.030
14.21	-0.043
14.215	-0.044
14.22	-0.037
14.225	-0.040
14.23	-0.061
14.235	-0.086
14.24	-0.093
14.245	-0.086
14.25	-0.083
14.255	-0.091
14.26	-0.096
14.265	-0.091
14.27	-0.087
14.275	-0.092
14.28	-0.096
14.285	-0.090
14.29	-0.086
14.295	-0.097
14.3	-0.114
14.305	-0.118
14.31	-0.108
14.315	-0.098
14.32	-0.096
14.325	-0.093
14.33	-0.085
14.335	-0.074
14.34	-0.059
14.345	-0.036
14.35	-0.011
14.355	0.000
14.36	-0.004
14.365	-0.006
14.37	0.007
14.375	0.022
14.38	0.026
14.385	0.026
14.39	0.035
14.395	0.048
14.4	0.052
14.405	0.046
14.41	0.045
14.415	0.051
14.42	0.053
14.425	0.048
14.43	0.047
14.435	0.052
14.44	0.053
14.445	0.046
14.45	0.047
14.455	0.068
14.46	0.094
14.465	0.099
14.47	0.088
14.475	0.089
14.48	0.114
14.485	0.142
14.49	0.149
14.495	0.134
14.5	0.118
14.505	0.112
14.51	0.109
14.515	0.102
14.52	0.091
14.525	0.084
14.53	0.078
14.535	0.071
14.54	0.062
14.545	0.055
14.55	0.051
14.555	0.045
14.56	0.031
14.565	0.012
14.57	0.002
14.575	0.010
14.58	0.029
14.585	0.047
14.59	0.052
14.595	0.048
14.6	0.043
14.605	0.041
14.61	0.035
14.615	0.028
14.62	0.026
14.625	0.033
14.63	0.043
14.635	0.048
14.64	0.049
14.645	0.056
14.65	0.072
14.655	0.089
14.66	0.096
14.665	0.096
14.67	0.095
14.675	0.098
14.68	0.101
14.685	0.101
14.69	0.099
14.695	0.099
14.7	0.100
14.705	0.101
14.71	0.101
14.715	0.100
14.72	0.093
14.725	0.080
14.73	0.064
14.735	0.046
14.74	0.023
14.745	-0.007
14.75	-0.038
14.755	-0.063
14.76	-0.088
14.765	-0.119
14.77	-0.144
14.775	-0.151
14.78	-0.148
14.785	-0.158
14.79	-0.179
14.795	-0.188
14.8	-0.176
14.805	-0.170
14.81	-0.195
14.815	-0.227
14.82	-0.233
14.825	-0.216
14.83	-0.217
14.835	-0.246
14.84	-0.273
14.845	-0.274
14.85	-0.267
14.855	-0.271
14.86	-0.278
14.865	-0.274
14.87	-0.271
14.875	-0.279
14.88	-0.281
14.885	-0.258
14.89	-0.229
14.895	-0.226
14.9	-0.240
14.905	-0.236
14.91	-0.206
14.915	-0.184
14.92	-0.184
14.925	-0.183
14.93	-0.164
14.935	-0.144
14.94	-0.141
14.945	-0.140
14.95	-0.121
14.955	-0.096
14.96	-0.087
14.965	-0.086
14.97	-0.075
14.975	-0.056
14.98	-0.045
14.985	-0.042
14.99	-0.030
14.995	-0.010
15	0.005
15.005	0.013
15.01	0.029
15.015	0.049
15.02	0.057
15.025	0.052
15.03	0.057
15.035	0.080
15.04	0.100
15.045	0.106
15.05	0.113
15.055	0.138
15.06	0.166
15.065	0.179
15.07	0.185
15.075	0.206
15.08	0.238
15.085	0.252
15.09	0.244
15.095	0.237
15.1	0.246
15.105	0.256
15.11	0.253
15.115	0.243
15.12	0.245
15.125	0.255
15.13	0.253
15.135	0.235
15.14	0.216
15.145	0.213
15.15	0.213
15.155	0.200
15.16	0.176
15.165	0.160
15.17	0.159
15.175	0.162
15.18	0.159
15.185	0.155
15.19	0.157
15.195	0.160
15.2	0.150
15.205	0.131
15.21	0.120
15.215	0.119
15.22	0.113
15.225	0.094
15.23	0.075
15.235	0.064
15.24	0.056
15.245	0.037
15.25	0.011
15.255	-0.009
15.26	-0.016
15.265	-0.020
15.27	-0.027
15.275	-0.038
15.28	-0.052
15.285	-0.067
15.29	-0.075
15.295	-0.073
15.3	-0.070
15.305	-0.077
15.31	-0.092
15.315	-0.101
15.32	-0.098
15.325	-0.094
15.33	-0.097
15.335	-0.101
15.34	-0.100
15.345	-0.096
15.35	-0.098
15.355	-0.101
15.36	-0.099
15.365	-0.095
15.37	-0.098
15.375	-0.110
15.38	-0.119
15.385	-0.120
15.39	-0.118
15.395	-0.118
15.4	-0.120
15.405	-0.121
15.41	-0.121
15.415	-0.122
15.42	-0.117
15.425	-0.100
15.43	-0.076
15.435	-0.054
15.44	-0.044
15.445	-0.041
15.45	-0.032
15.455	-0.014
15.46	0.007
15.465	0.020
15.47	0.022
15.475	0.019
15.48	0.019
15.485	0.022
15.49	0.026
15.495	0.026
15.5	0.022
15.505	0.020
15.51	0.025
15.515	0.035
15.52	0.040
15.525	0.035
15.53	0.025
15.535	0.021
15.54	0.025
15.545	0.028
15.55	0.026
15.555	0.022
15.56	0.023
15.565	0.026
15.57	0.026
15.575	0.023
15.58	0.023
15.585	0.026
15.59	0.026
15.595	0.023
15.6	0.023
15.605	0.027
15.61	0.028
15.615	0.018
15.62	0.002
15.625	-0.011
15.63	-0.018
15.635	-0.019
15.64	-0.019
15.645	-0.020
15.65	-0.022
15.655	-0.023
15.66	-0.022
15.665	-0.021
15.67	-0.022
15.675	-0.024
15.68	-0.019
15.685	-0.005
15.69	0.011
15.695	0.020
15.7	0.022
15.705	0.022
15.71	0.024
15.715	0.026
15.72	0.026
15.725	0.026
15.73	0.026
15.735	0.026
15.74	0.026
15.745	0.026
15.75	0.027
15.755	0.027
15.76	0.025
15.765	0.025
15.77	0.030
15.775	0.039
15.78	0.047
15.785	0.051
15.79	0.050
15.795	0.045
15.8	0.037
15.805	0.030
15.81	0.028
15.815	0.029
15.82	0.029
15.825	0.028
15.83	0.027
15.835	0.027
15.84	0.028
15.845	0.028
15.85	0.028
15.855	0.027
15.86	0.027
15.865	0.028
15.87	0.028
15.875	0.028
15.88	0.026
15.885	0.026
15.89	0.034
15.895	0.050
15.9	0.065
15.905	0.072
15.91	0.072
15.915	0.072
15.92	0.073
15.925	0.076
15.93	0.078
15.935	0.077
15.94	0.069
15.945	0.053
15.95	0.039
15.955	0.035
15.96	0.033
15.965	0.019
15.97	-0.007
15.975	-0.024
15.98	-0.018
15.985	-0.005
15.99	-0.009
15.995	-0.030
16	-0.048
16.005	-0.052
16.01	-0.059
16.015	-0.080
16.02	-0.100
16.025	-0.100
16.03	-0.081
16.035	-0.066
16.04	-0.065
16.045	-0.070
16.05	-0.069
16.055	-0.064
16.06	-0.062
16.065	-0.063
16.07	-0.065
16.075	-0.065
16.08	-0.063
16.085	-0.062
16.09	-0.069
16.095	-0.087
16.1	-0.103
16.105	-0.103
16.11	-0.089
16.115	-0.081
16.12	-0.089
16.125	-0.095
16.13	-0.085
16.135	-0.066
16.14	-0.061
16.145	-0.069
16.15	-0.071
16.155	-0.057
16.16	-0.044
16.165	-0.042
16.17	-0.041
16.175	-0.031
16.18	-0.018
16.185	-0.017
16.19	-0.021
16.195	-0.018
16.2	-0.014
16.205	-0.025
16.21	-0.050
16.215	-0.067
16.22	-0.064
16.225	-0.054
16.23	-0.057
16.235	-0.069
16.24	-0.072
16.245	-0.057
16.25	-0.035
16.255	-0.022
16.26	-0.020
16.265	-0.021
16.27	-0.020
16.275	-0.018
16.28	-0.016
16.285	-0.015
16.29	-0.017
16.295	-0.018
16.3	-0.017
16.305	-0.016
16.31	-0.016
16.315	-0.018
16.32	-0.018
16.325	-0.015
16.33	-0.014
16.335	-0.018
16.34	-0.021
16.345	-0.012
16.35	0.009
16.355	0.027
16.36	0.031
16.365	0.025
16.37	0.024
16.375	0.031
16.38	0.035
16.385	0.031
16.39	0.026
16.395	0.032
16.4	0.045
16.405	0.053
16.41	0.052
16.415	0.050
16.42	0.052
16.425	0.056
16.43	0.054
16.435	0.052
16.44	0.053
16.445	0.057
16.45	0.055
16.455	0.047
16.46	0.038
16.465	0.032
16.47	0.029
16.475	0.031
16.48	0.038
16.485	0.048
16.49	0.053
16.495	0.051
16.5	0.050
16.505	0.058
16.51	0.070
16.515	0.078
16.52	0.079
16.525	0.074
16.53	0.068
16.535	0.063
16.54	0.057
16.545	0.051
16.55	0.044
16.555	0.035
16.56	0.030
16.565	0.030
16.57	0.033
16.575	0.033
16.58	0.028
16.585	0.027
16.59	0.036
16.595	0.052
16.6	0.066
16.605	0.072
16.61	0.073
16.615	0.074
16.62	0.075
16.625	0.077
16.63	0.078
16.635	0.077
16.64	0.076
16.645	0.076
16.65	0.077
16.655	0.077
16.66	0.076
16.665	0.076
16.67	0.077
16.675	0.078
16.68	0.074
16.685	0.063
16.69	0.047
16.695	0.035
16.7	0.031
16.705	0.034
16.71	0.034
16.715	0.025
16.72	0.009
16.725	-0.006
16.73	-0.012
16.735	-0.014
16.74	-0.015
16.745	-0.017
16.75	-0.018
16.755	-0.018
16.76	-0.018
16.765	-0.019
16.77	-0.018
16.775	-0.017
16.78	-0.019
16.785	-0.019
16.79	-0.018
16.795	-0.017
16.8	-0.019
16.805	-0.020
16.81	-0.019
16.815	-0.017
16.82	-0.018
16.825	-0.021
16.83	-0.019
16.835	-0.016
16.84	-0.017
16.845	-0.023
16.85	-0.021
16.855	-0.013
16.86	-0.014
16.865	-0.033
16.87	-0.055
16.875	-0.064
16.88	-0.064
16.885	-0.072
16.89	-0.092
16.895	-0.107
16.9	-0.111
16.905	-0.113
16.91	-0.122
16.915	-0.129
16.92	-0.123
16.925	-0.111
16.93	-0.109
16.935	-0.116
16.94	-0.120
16.945	-0.114
16.95	-0.109
16.955	-0.113
16.96	-0.120
16.965	-0.113
16.97	-0.095
16.975	-0.079
16.98	-0.077
16.985	-0.076
16.99	-0.060
16.995	-0.036
17	-0.020
17.005	-0.022
17.01	-0.028
17.015	-0.024
17.02	-0.017
17.025	-0.018
17.03	-0.023
17.035	-0.022
17.04	-0.017
17.045	-0.019
17.05	-0.027
17.055	-0.021
17.06	0.002
17.065	0.023
17.07	0.025
17.075	0.019
17.08	0.023
17.085	0.030
17.09	0.022
17.095	-0.002
17.1	-0.020
17.105	-0.021
17.11	-0.014
17.115	-0.015
17.12	-0.022
17.125	-0.026
17.13	-0.022
17.135	-0.013
17.14	0.000
17.145	0.014
17.15	0.022
17.155	0.023
17.16	0.021
17.165	0.023
17.17	0.026
17.175	0.026
17.18	0.025
17.185	0.025
17.19	0.025
17.195	0.025
17.2	0.026
17.205	0.026
17.21	0.019
17.215	0.005
17.22	-0.003
17.225	0.006
17.23	0.022
17.235	0.027
17.24	0.021
17.245	0.018
17.25	0.025
17.255	0.028
17.26	0.018
17.265	0.003
17.27	-0.002
17.275	0.006
17.28	0.018
17.285	0.023
17.29	0.022
17.295	0.020
17.3	0.021
17.305	0.024
17.31	0.025
17.315	0.023
17.32	0.021
17.325	0.024
17.33	0.027
17.335	0.019
17.34	0.003
17.345	-0.004
17.35	0.004
17.355	0.017
17.36	0.021
17.365	0.019
17.37	0.020
17.375	0.023
17.38	0.022
17.385	0.019
17.39	0.022
17.395	0.033
17.4	0.038
17.405	0.032
17.41	0.028
17.415	0.035
17.42	0.046
17.425	0.048
17.43	0.043
17.435	0.042
17.44	0.045
17.445	0.042
17.45	0.029
17.455	0.018
17.46	0.019
17.465	0.027
17.47	0.028
17.475	0.017
17.48	-0.002
17.485	-0.017
17.49	-0.025
17.495	-0.025
17.5	-0.022
17.505	-0.015
17.51	-0.008
17.515	-0.004
17.52	-0.004
17.525	-0.006
17.53	-0.005
17.535	-0.001
17.54	-0.001
17.545	-0.010
17.55	-0.022
17.555	-0.028
17.56	-0.026
17.565	-0.024
17.57	-0.025
17.575	-0.029
17.58	-0.029
17.585	-0.027
17.59	-0.026
17.595	-0.028
17.6	-0.029
17.605	-0.028
17.61	-0.027
17.615	-0.028
17.62	-0.029
17.625	-0.029
17.63	-0.027
17.635	-0.027
17.64	-0.030
17.645	-0.030
17.65	-0.027
17.655	-0.027
17.66	-0.030
17.665	-0.032
17.67	-0.025
17.675	-0.012
17.68	0.002
17.685	0.011
17.69	0.016
17.695	0.018
17.7	0.016
17.705	0.009
17.71	0.001
17.715	-0.004
17.72	-0.007
17.725	-0.005
17.73	0.003
17.735	0.014
17.74	0.018
17.745	0.012
17.75	0.012
17.755	0.030
17.76	0.056
17.765	0.068
17.77	0.060
17.775	0.054
17.78	0.067
17.785	0.088
17.79	0.094
17.795	0.080
17.8	0.066
17.805	0.064
17.81	0.069
17.815	0.069
17.82	0.061
17.825	0.049
17.83	0.037
17.835	0.024
17.84	0.009
17.845	-0.004
17.85	-0.017
17.855	-0.027
17.86	-0.030
17.865	-0.028
17.87	-0.029
17.875	-0.042
17.88	-0.063
17.885	-0.074
17.89	-0.073
17.895	-0.071
17.9	-0.078
17.905	-0.084
17.91	-0.077
17.915	-0.058
17.92	-0.043
17.925	-0.035
17.93	-0.023
17.935	-0.002
17.94	0.015
17.945	0.016
17.95	0.010
17.955	0.010
17.96	0.017
17.965	0.019
17.97	0.015
17.975	0.013
17.98	0.015
17.985	0.018
17.99	0.016
17.995	0.014
18	0.015
18.005	0.017
18.01	0.016
18.015	0.014
18.02	0.015
18.025	0.016
18.03	0.016
18.035	0.015
18.04	0.015
18.045	0.016
18.05	0.016
18.055	0.014
18.06	0.014
18.065	0.021
18.07	0.035
18.075	0.051
18.08	0.059
18.085	0.059
18.09	0.058
18.095	0.061
18.1	0.065
18.105	0.061
18.11	0.047
18.115	0.033
18.12	0.023
18.125	0.010
18.13	-0.006
18.135	-0.021
18.14	-0.027
18.145	-0.028
18.15	-0.036
18.155	-0.054
18.16	-0.070
18.165	-0.077
18.17	-0.076
18.175	-0.074
18.18	-0.077
18.185	-0.081
18.19	-0.082
18.195	-0.078
18.2	-0.070
18.205	-0.062
18.21	-0.057
18.215	-0.051
18.22	-0.042
18.225	-0.033
18.23	-0.031
18.235	-0.034
18.24	-0.035
18.245	-0.032
18.25	-0.029
18.255	-0.031
18.26	-0.034
18.265	-0.033
18.27	-0.029
18.275	-0.030
18.28	-0.035
18.285	-0.034
18.29	-0.026
18.295	-0.016
18.3	-0.011
18.305	-0.009
18.31	-0.001
18.315	0.011
18.32	0.017
18.325	0.014
18.33	0.012
18.335	0.022
18.34	0.041
18.345	0.056
18.35	0.059
18.355	0.058
18.36	0.060
18.365	0.064
18.37	0.064
18.375	0.062
18.38	0.063
18.385	0.066
18.39	0.063
18.395	0.051
18.4	0.035
18.405	0.024
18.41	0.020
18.415	0.018
18.42	0.019
18.425	0.020
18.43	0.018
18.435	0.008
18.44	-0.002
18.445	-0.006
18.45	-0.004
18.455	-0.004
18.46	-0.006
18.465	-0.006
18.47	-0.005
18.475	-0.010
18.48	-0.021
18.485	-0.030
18.49	-0.030
18.495	-0.025
18.5	-0.027
18.505	-0.031
18.51	-0.032
18.515	-0.028
18.52	-0.028
18.525	-0.030
18.53	-0.031
18.535	-0.028
18.54	-0.027
18.545	-0.029
18.55	-0.032
18.555	-0.039
18.56	-0.054
18.565	-0.072
18.57	-0.077
18.575	-0.068
18.58	-0.066
18.585	-0.087
18.59	-0.114
18.595	-0.118
18.6	-0.097
18.605	-0.079
18.61	-0.077
18.615	-0.082
18.62	-0.079
18.625	-0.074
18.63	-0.075
18.635	-0.074
18.64	-0.062
18.645	-0.043
18.65	-0.032
18.655	-0.032
18.66	-0.032
18.665	-0.028
18.67	-0.027
18.675	-0.028
18.68	-0.028
18.685	-0.025
18.69	-0.026
18.695	-0.031
18.7	-0.028
18.705	-0.010
18.71	0.013
18.715	0.022
18.72	0.018
18.725	0.013
18.73	0.018
18.735	0.025
18.74	0.024
18.745	0.018
18.75	0.018
18.755	0.028
18.76	0.044
18.765	0.056
18.77	0.062
18.775	0.065
18.78	0.073
18.785	0.085
18.79	0.094
18.795	0.093
18.8	0.089
18.805	0.090
18.81	0.096
18.815	0.096
18.82	0.091
18.825	0.090
18.83	0.100
18.835	0.113
18.84	0.118
18.845	0.115
18.85	0.114
18.855	0.117
18.86	0.120
18.865	0.119
18.87	0.117
18.875	0.118
18.88	0.119
18.885	0.119
18.89	0.118
18.895	0.119
18.9	0.119
18.905	0.119
18.91	0.118
18.915	0.119
18.92	0.120
18.925	0.119
18.93	0.119
18.935	0.119
18.94	0.120
18.945	0.120
18.95	0.119
18.955	0.120
18.96	0.121
18.965	0.120
18.97	0.119
18.975	0.121
18.98	0.121
18.985	0.110
18.99	0.093
18.995	0.080
19	0.078
19.005	0.078
19.01	0.068
19.015	0.048
19.02	0.033
19.025	0.029
19.03	0.032
19.035	0.032
19.04	0.025
19.045	0.012
19.05	-0.002
19.055	-0.013
19.06	-0.018
19.065	-0.016
19.07	-0.015
19.075	-0.019
19.08	-0.022
19.085	-0.020
19.09	-0.016
19.095	-0.017
19.1	-0.027
19.105	-0.037
19.11	-0.042
19.115	-0.041
19.12	-0.040
19.125	-0.040
19.13	-0.041
19.135	-0.042
19.14	-0.045
19.145	-0.053
19.15	-0.064
19.155	-0.068
19.16	-0.063
19.165	-0.057
19.17	-0.062
19.175	-0.080
19.18	-0.101
19.185	-0.110
19.19	-0.109
19.195	-0.106
19.2	-0.108
19.205	-0.112
19.21	-0.113
19.215	-0.111
19.22	-0.109
19.225	-0.111
19.23	-0.112
19.235	-0.111
19.24	-0.110
19.245	-0.110
19.25	-0.111
19.255	-0.111
19.26	-0.110
19.265	-0.109
19.27	-0.109
19.275	-0.111
19.28	-0.111
19.285	-0.109
19.29	-0.107
19.295	-0.111
19.3	-0.114
19.305	-0.110
19.31	-0.093
19.315	-0.073
19.32	-0.062
19.325	-0.059
19.33	-0.053
19.335	-0.043
19.34	-0.034
19.345	-0.036
19.35	-0.048
19.355	-0.057
19.36	-0.059
19.365	-0.057
19.37	-0.060
19.375	-0.065
19.38	-0.062
19.385	-0.047
19.39	-0.025
19.395	-0.012
19.4	-0.014
19.405	-0.022
19.41	-0.021
19.415	-0.008
19.42	0.012
19.425	0.027
19.43	0.032
19.435	0.031
19.44	0.029
19.445	0.031
19.45	0.037
19.455	0.037
19.46	0.027
19.465	0.013
19.47	0.008
19.475	0.017
19.48	0.030
19.485	0.035
19.49	0.032
19.495	0.030
19.5	0.033
19.505	0.036
19.51	0.035
19.515	0.033
19.52	0.034
19.525	0.036
19.53	0.035
19.535	0.033
19.54	0.035
19.545	0.044
19.55	0.055
19.555	0.059
19.56	0.058
19.565	0.055
19.57	0.050
19.575	0.042
19.58	0.035
19.585	0.034
19.59	0.040
19.595	0.042
19.6	0.030
19.605	0.008
19.61	-0.008
19.615	-0.010
19.62	-0.006
19.625	-0.007
19.63	-0.012
19.635	-0.014
19.64	-0.011
19.645	-0.010
19.65	-0.012
19.655	-0.012
19.66	-0.011
19.665	-0.011
19.67	-0.012
19.675	-0.012
19.68	-0.011
19.685	-0.011
19.69	-0.012
19.695	-0.012
19.7	-0.011
19.705	-0.011
19.71	-0.012
19.715	-0.012
19.72	-0.010
19.725	-0.010
19.73	-0.012
19.735	-0.013
19.74	-0.010
19.745	-0.008
19.75	-0.012
19.755	-0.021
19.76	-0.029
19.765	-0.034
19.77	-0.036
19.775	-0.032
19.78	-0.024
19.785	-0.016
19.79	-0.012
19.795	-0.012
19.8	-0.012
19.805	-0.012
19.81	-0.012
19.815	-0.012
19.82	-0.006
19.825	0.005
19.83	0.013
19.835	0.013
19.84	0.009
19.845	0.010
19.85	0.014
19.855	0.015
19.86	0.013
19.865	0.011
19.87	0.013
19.875	0.014
19.88	0.013
19.885	0.012
19.89	0.012
19.895	0.014
19.9	0.014
19.905	0.012
19.91	0.012
19.915	0.013
19.92	0.014
19.925	0.012
19.93	0.011
19.935	0.013
19.94	0.016
19.945	0.010
19.95	-0.003
19.955	-0.011
19.96	-0.009
19.965	-0.005
19.97	-0.012
19.975	-0.026
19.98	-0.035
19.985	-0.034
19.99	-0.031
19.995	-0.033
20	-0.036
20.005	-0.036
20.01	-0.034
20.015	-0.035
20.02	-0.036
20.025	-0.035
20.03	-0.034
20.035	-0.035
20.04	-0.037
20.045	-0.034
20.05	-0.032
20.055	-0.040
20.06	-0.052
20.065	-0.059
20.07	-0.057
20.075	-0.055
20.08	-0.057
20.085	-0.060
20.09	-0.059
20.095	-0.058
20.1	-0.059
20.105	-0.060
20.11	-0.059
20.115	-0.058
20.12	-0.059
20.125	-0.060
20.13	-0.059
20.135	-0.058
20.14	-0.056
20.145	-0.044
20.15	-0.025
20.155	-0.012
20.16	-0.017
20.165	-0.023
20.17	-0.013
20.175	0.009
20.18	0.025
20.185	0.031
20.19	0.042
20.195	0.064
20.2	0.082
20.205	0.082
20.21	0.075
20.215	0.077
20.22	0.084
20.225	0.085
20.23	0.080
20.235	0.080
20.24	0.083
20.245	0.083
20.25	0.080
20.255	0.081
20.26	0.084
20.265	0.078
20.27	0.064
20.275	0.056
20.28	0.060
20.285	0.063
20.29	0.058
20.295	0.054
20.3	0.063
20.305	0.078
20.31	0.083
20.315	0.078
20.32	0.076
20.325	0.081
20.33	0.083
20.335	0.081
20.34	0.079
20.345	0.081
20.35	0.082
20.355	0.080
20.36	0.080
20.365	0.081
20.37	0.081
20.375	0.080
20.38	0.080
20.385	0.081
20.39	0.081
20.395	0.079
20.4	0.079
20.405	0.082
20.41	0.081
20.415	0.078
20.42	0.079
20.425	0.084
20.43	0.083
20.435	0.065
20.44	0.040
20.445	0.022
20.45	0.011
20.455	0.000
20.46	-0.010
20.465	-0.015
20.47	-0.021
20.475	-0.037
20.48	-0.056
20.485	-0.063
20.49	-0.056
20.495	-0.054
20.5	-0.067
20.505	-0.081
20.51	-0.084
20.515	-0.082
20.52	-0.092
20.525	-0.110
20.53	-0.113
20.535	-0.094
20.54	-0.069
20.545	-0.060
20.55	-0.067
20.555	-0.072
20.56	-0.062
20.565	-0.041
20.57	-0.025
20.575	-0.021
20.58	-0.023
20.585	-0.020
20.59	-0.012
20.595	-0.012
20.6	-0.027
20.605	-0.046
20.61	-0.057
20.615	-0.063
20.62	-0.078
20.625	-0.100
20.63	-0.112
20.635	-0.109
20.64	-0.104
20.645	-0.108
20.65	-0.114
20.655	-0.113
20.66	-0.108
20.665	-0.109
20.67	-0.113
20.675	-0.112
20.68	-0.109
20.685	-0.111
20.69	-0.113
20.695	-0.104
20.7	-0.086
20.705	-0.071
20.71	-0.068
20.715	-0.069
20.72	-0.067
20.725	-0.064
20.73	-0.065
20.735	-0.061
20.74	-0.046
20.745	-0.028
20.75	-0.020
20.755	-0.022
20.76	-0.024
20.765	-0.017
20.77	-0.006
20.775	0.001
20.78	0.005
20.785	0.012
20.79	0.020
20.795	0.028
20.8	0.035
20.805	0.041
20.81	0.048
20.815	0.054
20.82	0.062
20.825	0.071
20.83	0.076
20.835	0.076
20.84	0.074
20.845	0.074
20.85	0.077
20.855	0.078
20.86	0.076
20.865	0.075
20.87	0.076
20.875	0.077
20.88	0.076
20.885	0.075
20.89	0.075
20.895	0.076
20.9	0.077
20.905	0.075
20.91	0.074
20.915	0.075
20.92	0.077
20.925	0.076
20.93	0.074
20.935	0.074
20.94	0.078
20.945	0.077
20.95	0.070
20.955	0.060
20.96	0.055
20.965	0.052
20.97	0.044
20.975	0.033
20.98	0.027
20.985	0.029
20.99	0.031
20.995	0.029
21	0.025
21.005	0.026
21.01	0.029
21.015	0.029
21.02	0.026
21.025	0.026
21.03	0.029
21.035	0.028
21.04	0.026
21.045	0.026
21.05	0.029
21.055	0.029
21.06	0.024
21.065	0.025
21.07	0.037
21.075	0.050
21.08	0.051
21.085	0.041
21.09	0.030
21.095	0.027
21.1	0.028
21.105	0.030
21.11	0.030
21.115	0.027
21.12	0.018
21.125	0.004
21.13	-0.009
21.135	-0.017
21.14	-0.019
21.145	-0.017
21.15	-0.016
21.155	-0.020
21.16	-0.030
21.165	-0.038
21.17	-0.036
21.175	-0.025
21.18	-0.017
21.185	-0.020
21.19	-0.026
21.195	-0.025
21.2	-0.018
21.205	-0.018
21.21	-0.024
21.215	-0.025
21.22	-0.013
21.225	0.002
21.23	0.005
21.235	-0.006
21.24	-0.019
21.245	-0.022
21.25	-0.018
21.255	-0.018
21.26	-0.021
21.265	-0.023
21.27	-0.022
21.275	-0.020
21.28	-0.021
21.285	-0.024
21.29	-0.022
21.295	-0.014
21.3	-0.004
21.305	0.002
21.31	0.006
21.315	0.013
21.32	0.023
21.325	0.029
21.33	0.025
21.335	0.016
21.34	0.010
21.345	0.007
21.35	0.002
21.355	-0.008
21.36	-0.017
21.365	-0.021
21.37	-0.020
21.375	-0.020
21.38	-0.021
21.385	-0.022
21.39	-0.022
21.395	-0.023
21.4	-0.023
21.405	-0.021
21.41	-0.021
21.415	-0.023
21.42	-0.025
21.425	-0.020
21.43	-0.011
21.435	-0.004
21.44	-0.001
21.445	0.006
21.45	0.017
21.455	0.025
21.46	0.023
21.465	0.020
21.47	0.029
21.475	0.043
21.48	0.043
21.485	0.024
21.49	0.004
21.495	0.000
21.5	0.008
21.505	0.009
21.51	-0.004
21.515	-0.018
21.52	-0.021
21.525	-0.019
21.53	-0.021
21.535	-0.025
21.54	-0.024
21.545	-0.019
21.55	-0.023
21.555	-0.036
21.56	-0.042
21.565	-0.033
21.57	-0.021
21.575	-0.022
21.58	-0.030
21.585	-0.023
21.59	0.002
21.595	0.023
21.6	0.023
21.605	0.014
21.61	0.019
21.615	0.037
21.62	0.049
21.625	0.046
21.63	0.041
21.635	0.043
21.64	0.049
21.645	0.050
21.65	0.044
21.655	0.038
21.66	0.030
21.665	0.023
21.67	0.021
21.675	0.026
21.68	0.029
21.685	0.019
21.69	0.006
21.695	0.005
21.7	0.018
21.705	0.027
21.71	0.021
21.715	0.007
21.72	-0.001
21.725	0.000
21.73	0.002
21.735	0.001
21.74	-0.002
21.745	-0.002
21.75	-0.002
21.755	-0.001
21.76	-0.001
21.765	-0.002
21.77	-0.003
21.775	-0.002
21.78	0.000
21.785	-0.002
21.79	-0.012
21.795	-0.023
21.8	-0.027
21.805	-0.022
21.81	-0.021
21.815	-0.026
21.82	-0.029
21.825	-0.025
21.83	-0.023
21.835	-0.026
21.84	-0.029
21.845	-0.025
21.85	-0.022
21.855	-0.026
21.86	-0.031
21.865	-0.026
21.87	-0.018
21.875	-0.025
21.88	-0.044
21.885	-0.059
21.89	-0.060
21.895	-0.057
21.9	-0.060
21.905	-0.058
21.91	-0.042
21.915	-0.025
21.92	-0.023
21.925	-0.032
21.93	-0.033
21.935	-0.025
21.94	-0.021
21.945	-0.026
21.95	-0.030
21.955	-0.026
21.96	-0.023
21.965	-0.026
21.97	-0.029
21.975	-0.027
21.98	-0.025
21.985	-0.026
21.99	-0.028
21.995	-0.028
22	-0.035
22.005	-0.053
22.01	-0.070
22.015	-0.073
22.02	-0.067
22.025	-0.068
22.03	-0.081
22.035	-0.094
22.04	-0.098
22.045	-0.096
22.05	-0.095
22.055	-0.097
22.06	-0.099
22.065	-0.100
22.07	-0.096
22.075	-0.086
22.08	-0.076
22.085	-0.074
22.09	-0.078
22.095	-0.079
22.1	-0.074
22.105	-0.072
22.11	-0.076
22.115	-0.079
22.12	-0.074
22.125	-0.072
22.13	-0.077
22.135	-0.081
22.14	-0.070
22.145	-0.049
22.15	-0.038
22.155	-0.039
22.16	-0.034
22.165	-0.014
22.17	0.008
22.175	0.017
22.18	0.019
22.185	0.028
22.19	0.047
22.195	0.062
22.2	0.065
22.205	0.061
22.21	0.060
22.215	0.064
22.22	0.070
22.225	0.077
22.23	0.084
22.235	0.088
22.24	0.088
22.245	0.086
22.25	0.086
22.255	0.088
22.26	0.090
22.265	0.090
22.27	0.085
22.275	0.076
22.28	0.067
22.285	0.064
22.29	0.066
22.295	0.067
22.3	0.065
22.305	0.063
22.31	0.064
22.315	0.065
22.32	0.064
22.325	0.064
22.33	0.064
22.335	0.063
22.34	0.063
22.345	0.065
22.35	0.066
22.355	0.059
22.36	0.046
22.365	0.038
22.37	0.042
22.375	0.046
22.38	0.037
22.385	0.021
22.39	0.013
22.395	0.018
22.4	0.022
22.405	0.018
22.41	0.013
22.415	0.014
22.42	0.018
22.425	0.017
22.43	0.014
22.435	0.014
22.44	0.018
22.445	0.017
22.45	0.013
22.455	0.013
22.46	0.018
22.465	0.019
22.47	0.011
22.475	0.001
22.48	-0.003
22.485	-0.006
22.49	-0.014
22.495	-0.026
22.5	-0.032
22.505	-0.031
22.51	-0.029
22.515	-0.031
22.52	-0.034
22.525	-0.034
22.53	-0.032
22.535	-0.032
22.54	-0.033
22.545	-0.033
22.55	-0.032
22.555	-0.032
22.56	-0.033
22.565	-0.033
22.57	-0.033
22.575	-0.032
22.58	-0.033
22.585	-0.033
22.59	-0.033
22.595	-0.032
22.6	-0.033
22.605	-0.034
22.61	-0.034
22.615	-0.027
22.62	-0.013
22.625	0.004
22.63	0.013
22.635	0.009
22.64	0.005
22.645	0.016
22.65	0.040
22.655	0.059
22.66	0.060
22.665	0.053
22.67	0.056
22.675	0.063
22.68	0.063
22.685	0.058
22.69	0.063
22.695	0.084
22.7	0.102
22.705	0.099
22.71	0.084
22.715	0.079
22.72	0.087
22.725	0.091
22.73	0.080
22.735	0.064
22.74	0.059
22.745	0.063
22.75	0.065
22.755	0.061
22.76	0.058
22.765	0.059
22.77	0.062
22.775	0.060
22.78	0.058
22.785	0.060
22.79	0.062
22.795	0.058
22.8	0.047
22.805	0.037
22.81	0.036
22.815	0.040
22.82	0.040
22.825	0.035
22.83	0.033
22.835	0.037
22.84	0.039
22.845	0.035
22.85	0.032
22.855	0.040
22.86	0.056
22.865	0.062
22.87	0.054
22.875	0.042
22.88	0.039
22.885	0.038
22.89	0.031
22.895	0.017
22.9	0.010
22.905	0.014
22.91	0.017
22.915	0.007
22.92	-0.011
22.925	-0.027
22.93	-0.032
22.935	-0.031
22.94	-0.031
22.945	-0.035
22.95	-0.038
22.955	-0.037
22.96	-0.033
22.965	-0.034
22.97	-0.041
22.975	-0.049
22.98	-0.054
22.985	-0.059
22.99	-0.066
22.995	-0.076
23	-0.083
23.005	-0.083
23.01	-0.081
23.015	-0.081
23.02	-0.083
23.025	-0.085
23.03	-0.086
23.035	-0.083
23.04	-0.076
23.045	-0.066
23.05	-0.059
23.055	-0.061
23.06	-0.064
23.065	-0.063
23.07	-0.059
23.075	-0.058
23.08	-0.062
23.085	-0.063
23.09	-0.060
23.095	-0.058
23.1	-0.061
23.105	-0.065
23.11	-0.062
23.115	-0.051
23.12	-0.042
23.125	-0.038
23.13	-0.039
23.135	-0.040
23.14	-0.039
23.145	-0.037
23.15	-0.036
23.155	-0.036
23.16	-0.039
23.165	-0.039
23.17	-0.034
23.175	-0.024
23.18	-0.016
23.185	-0.014
23.19	-0.015
23.195	-0.016
23.2	-0.014
23.205	-0.012
23.21	-0.012
23.215	-0.013
23.22	-0.015
23.225	-0.014
23.23	-0.007
23.235	0.004
23.24	0.011
23.245	0.010
23.25	0.007
23.255	0.008
23.26	0.013
23.265	0.013
23.27	0.009
23.275	0.008
23.28	0.017
23.285	0.029
23.29	0.035
23.295	0.033
23.3	0.031
23.305	0.033
23.31	0.037
23.315	0.036
23.32	0.034
23.325	0.034
23.33	0.036
23.335	0.036
23.34	0.034
23.345	0.034
23.35	0.036
23.355	0.037
23.36	0.034
23.365	0.032
23.37	0.038
23.375	0.049
23.38	0.057
23.385	0.058
23.39	0.056
23.395	0.057
23.4	0.059
23.405	0.060
23.41	0.059
23.415	0.059
23.42	0.059
23.425	0.059
23.43	0.060
23.435	0.060
23.44	0.054
23.445	0.038
23.45	0.021
23.455	0.015
23.46	0.017
23.465	0.017
23.47	0.012
23.475	0.010
23.48	0.014
23.485	0.015
23.49	0.004
23.495	-0.010
23.5	-0.012
23.505	-0.006
23.51	-0.006
23.515	-0.019
23.52	-0.033
23.525	-0.035
23.53	-0.031
23.535	-0.031
23.54	-0.036
23.545	-0.034
23.55	-0.023
23.555	-0.012
23.56	-0.010
23.565	-0.015
23.57	-0.016
23.575	-0.011
23.58	-0.006
23.585	-0.010
23.59	-0.021
23.595	-0.031
23.6	-0.034
23.605	-0.033
23.61	-0.033
23.615	-0.034
23.62	-0.035
23.625	-0.035
23.63	-0.035
23.635	-0.035
23.64	-0.034
23.645	-0.034
23.65	-0.036
23.655	-0.036
23.66	-0.034
23.665	-0.033
23.67	-0.037
23.675	-0.038
23.68	-0.029
23.685	-0.016
23.69	-0.010
23.695	-0.015
23.7	-0.017
23.705	-0.006
23.71	0.008
23.715	0.007
23.72	-0.008
23.725	-0.017
23.73	-0.012
23.735	-0.004
23.74	-0.006
23.745	-0.017
23.75	-0.026
23.755	-0.030
23.76	-0.033
23.765	-0.034
23.77	-0.033
23.775	-0.032
23.78	-0.034
23.785	-0.037
23.79	-0.034
23.795	-0.031
23.8	-0.033
23.805	-0.038
23.81	-0.035
23.815	-0.024
23.82	-0.015
23.825	-0.013
23.83	-0.008
23.835	0.004
23.84	0.015
23.845	0.014
23.85	0.008
23.855	0.010
23.86	0.017
23.865	0.016
23.87	0.009
23.875	0.010
23.88	0.023
23.885	0.033
23.89	0.028
23.895	0.016
23.9	0.011
23.905	0.014
23.91	0.018
23.915	0.016
23.92	0.013
23.925	0.013
23.93	0.014
23.935	0.015
23.94	0.016
23.945	0.012
23.95	0.001
23.955	-0.008
23.96	-0.009
23.965	-0.005
23.97	-0.009
23.975	-0.022
23.98	-0.033
23.985	-0.033
23.99	-0.030
23.995	-0.030
24	-0.033
24.005	-0.035
24.01	-0.033
24.015	-0.032
24.02	-0.032
24.025	-0.032
24.03	-0.038
24.035	-0.049
24.04	-0.057
24.045	-0.057
24.05	-0.052
24.055	-0.053
24.06	-0.058
24.065	-0.059
24.07	-0.055
24.075	-0.054
24.08	-0.059
24.085	-0.060
24.09	-0.049
24.095	-0.036
24.1	-0.032
24.105	-0.036
24.11	-0.038
24.115	-0.033
24.12	-0.029
24.125	-0.033
24.13	-0.037
24.135	-0.033
24.14	-0.024
24.145	-0.016
24.15	-0.012
24.155	-0.006
24.16	0.003
24.165	0.010
24.17	0.015
24.175	0.022
24.18	0.032
24.185	0.039
24.19	0.038
24.195	0.034
24.2	0.034
24.205	0.043
24.21	0.053
24.215	0.059
24.22	0.060
24.225	0.059
24.23	0.059
24.235	0.061
24.24	0.062
24.245	0.062
24.25	0.061
24.255	0.061
24.26	0.062
24.265	0.062
24.27	0.061
24.275	0.061
24.28	0.062
24.285	0.062
24.29	0.061
24.295	0.060
24.3	0.062
24.305	0.063
24.31	0.061
24.315	0.055
24.32	0.046
24.325	0.038
24.33	0.035
24.335	0.038
24.34	0.047
24.345	0.054
24.35	0.051
24.355	0.042
24.36	0.034
24.365	0.035
24.37	0.041
24.375	0.042
24.38	0.034
24.385	0.024
24.39	0.016
24.395	0.014
24.4	0.015
24.405	0.016
24.41	0.013
24.415	0.011
24.42	0.013
24.425	0.015
24.43	0.012
24.435	0.002
24.44	-0.008
24.445	-0.011
24.45	-0.009
24.455	-0.008
24.46	-0.011
24.465	-0.013
24.47	-0.012
24.475	-0.011
24.48	-0.011
24.485	-0.012
24.49	-0.012
24.495	-0.011
24.5	-0.011
24.505	-0.012
24.51	-0.012
24.515	-0.012
24.52	-0.012
24.525	-0.012
24.53	-0.012
24.535	-0.012
24.54	-0.012
24.545	-0.012
24.55	-0.012
24.555	-0.013
24.56	-0.014
24.565	-0.011
24.57	-0.002
24.575	0.008
24.58	0.012
24.585	0.009
24.59	0.006
24.595	0.009
24.6	0.015
24.605	0.013
24.61	0.003
24.615	-0.008
24.62	-0.013
24.625	-0.011
24.63	-0.010
24.635	-0.013
24.64	-0.014
24.645	-0.014
24.65	-0.013
24.655	-0.014
24.66	-0.014
24.665	-0.013
24.67	-0.013
24.675	-0.015
24.68	-0.015
24.685	-0.012
24.69	-0.012
24.695	-0.020
24.7	-0.033
24.705	-0.038
24.71	-0.036
24.715	-0.034
24.72	-0.036
24.725	-0.040
24.73	-0.039
24.735	-0.037
24.74	-0.037
24.745	-0.039
24.75	-0.038
24.755	-0.037
24.76	-0.038
24.765	-0.041
24.77	-0.035
24.775	-0.023
24.78	-0.014
24.785	-0.016
24.79	-0.020
24.795	-0.016
24.8	-0.001
24.805	0.015
24.81	0.025
24.815	0.028
24.82	0.029
24.825	0.030
24.83	0.031
24.835	0.032
24.84	0.033
24.845	0.032
24.85	0.031
24.855	0.032
24.86	0.033
24.865	0.032
24.87	0.031
24.875	0.031
24.88	0.032
24.885	0.032
24.89	0.031
24.895	0.031
24.9	0.032
24.905	0.033
24.91	0.030
24.915	0.030
24.92	0.033
24.925	0.034
24.93	0.028
24.935	0.018
24.94	0.010
24.945	0.009
24.95	0.009
24.955	0.009
24.96	0.008
24.965	0.007
24.97	0.006
24.975	0.006
24.98	0.009
24.985	0.010
24.99	0.003
24.995	-0.008
25	-0.011
25.005	0.002
25.01	0.019
25.015	0.028
25.02	0.028
25.025	0.026
25.03	0.028
25.035	0.032
25.04	0.032
25.045	0.030
25.05	0.030
25.055	0.031
25.06	0.031
25.065	0.031
25.07	0.030
25.075	0.030
25.08	0.031
25.085	0.032
25.09	0.031
25.095	0.023
25.1	0.008
25.105	-0.006
25.11	-0.014
25.115	-0.014
25.12	-0.013
25.125	-0.014
25.13	-0.018
25.135	-0.021
25.14	-0.017
25.145	-0.007
25.15	0.000
25.155	-0.004
25.16	-0.015
25.165	-0.020
25.17	-0.017
25.175	-0.012
25.18	-0.014
25.185	-0.019
25.19	-0.019
25.195	-0.015
25.2	-0.014
25.205	-0.018
25.21	-0.019
25.215	-0.015
25.22	-0.014
25.225	-0.019
25.23	-0.020
25.235	-0.014
25.24	-0.011
25.245	-0.025
25.25	-0.049
25.255	-0.063
25.26	-0.061
25.265	-0.056
25.27	-0.060
25.275	-0.067
25.28	-0.066
25.285	-0.067
