0	0
0.01	0.007970
0.02	0.019500
0.03	0.015900
0.04	0.007710
0.05	-0.002620
0.06	-0.005270
0.07	0.005230
0.08	-0.002920
0.09	-0.004810
0.1	-0.009970
0.11	-0.012600
0.12	-0.000410
0.13	-0.009700
0.14	-0.014000
0.15	-0.012500
0.16	-0.013600
0.17	0.001660
0.18	0.009250
0.19	0.004030
0.2	-0.010200
0.21	-0.014600
0.22	0.003890
0.23	-0.002080
0.24	-0.004490
0.25	0.004460
0.26	-0.005940
0.27	-0.005740
0.28	-0.005280
0.29	0.002100
0.3	-0.000060
0.31	-0.006630
0.32	0.006400
0.33	-0.003910
0.34	-0.004040
0.35	0.004320
0.36	-0.009480
0.37	-0.007290
0.38	0.007880
0.39	0.009660
0.4	-0.004080
0.41	0.004120
0.42	0.012200
0.43	-0.009890
0.44	0.006390
0.45	0.020400
0.46	-0.000100
0.47	0.001280
0.48	-0.000360
0.49	0.007100
0.5	0.009720
0.51	-0.007920
0.52	-0.015400
0.53	-0.027200
0.54	-0.018800
0.55	-0.003280
0.56	0.006580
0.57	0.011200
0.58	-0.004860
0.59	-0.003890
0.6	0.004420
0.61	0.008650
0.62	0.010700
0.63	0.008840
0.64	0.010500
0.65	-0.009630
0.66	-0.004650
0.67	0.022000
0.68	0.015000
0.69	0.021900
0.7	0.012800
0.71	-0.006880
0.72	0.001510
0.73	-0.008130
0.74	-0.001090
0.75	0.009780
0.76	0.004560
0.77	0.000090
0.78	-0.007720
0.79	0.003190
0.8	-0.000550
0.81	-0.006700
0.82	-0.010900
0.83	-0.024000
0.84	-0.005650
0.85	0.003770
0.86	-0.008060
0.87	-0.015300
0.88	-0.011500
0.89	0.002500
0.9	-0.002710
0.91	0.003760
0.92	0.012600
0.93	-0.010900
0.94	-0.012100
0.95	-0.003780
0.96	-0.005810
0.97	0.001010
0.98	-0.007440
0.99	-0.014900
1	-0.012400
1.01	-0.013200
1.02	-0.002720
1.03	0.009020
1.04	0.007290
1.05	-0.001260
1.06	-0.006720
1.07	-0.011100
1.08	-0.009300
1.09	0.007000
1.1	0.010900
1.11	0.009050
1.12	0.010800
1.13	0.008390
1.14	0.011300
1.15	-0.006700
1.16	-0.001940
1.17	0.016700
1.18	-0.004180
1.19	-0.001940
1.2	0.001260
1.21	-0.007320
1.22	0.001070
1.23	-0.006740
1.24	-0.016100
1.25	-0.010700
1.26	0.003620
1.27	0.012500
1.28	0.008680
1.29	0.007900
1.3	-0.001660
1.31	0.005660
1.32	0.030100
1.33	0.008040
1.34	-0.008610
1.35	-0.001520
1.36	-0.004810
1.37	0.003110
1.38	0.000440
1.39	0.004060
1.4	0.010300
1.41	0.001380
1.42	0.001830
1.43	0.011200
1.44	0.021300
1.45	0.014900
1.46	0.007630
1.47	0.010900
1.48	0.017400
1.49	0.017400
1.5	0.011100
1.51	0.003570
1.52	-0.009310
1.53	-0.014700
1.54	-0.012000
1.55	-0.006140
1.56	-0.004520
1.57	0.006310
1.58	0.009790
1.59	0.001190
1.6	0.002040
1.61	-0.007670
1.62	-0.008720
1.63	-0.002700
1.64	0.004320
1.65	0.011200
1.66	0.000220
1.67	-0.010900
1.68	-0.012800
1.69	0.005820
1.7	0.022400
1.71	0.014900
1.72	0.007070
1.73	-0.001590
1.74	-0.006450
1.75	-0.011400
1.76	-0.013800
1.77	-0.001550
1.78	-0.007890
1.79	-0.011700
1.8	-0.006390
1.81	-0.004150
1.82	0.005910
1.83	-0.003650
1.84	0.006220
1.85	0.010200
1.86	-0.006570
1.87	-0.002300
1.88	-0.008930
1.89	0.003170
1.9	0.010800
1.91	0.001290
1.92	0.002320
1.93	-0.007640
1.94	-0.002120
1.95	0.003500
1.96	0.006450
1.97	0.009160
1.98	-0.002980
1.99	-0.004750
2	-0.012900
2.01	-0.012300
2.02	-0.002810
2.03	-0.006680
2.04	0.003900
2.05	-0.001100
2.06	-0.005440
2.07	0.006170
2.08	-0.003610
2.09	-0.003400
2.1	0.003900
2.11	0.010300
2.12	0.002500
2.13	-0.009320
2.14	0.002450
2.15	-0.002970
2.16	0.004850
2.17	0.011700
2.18	-0.008340
2.19	-0.000850
2.2	0.002290
2.21	-0.008790
2.22	-0.011700
2.23	-0.014100
2.24	-0.011200
2.25	-0.014200
2.26	-0.011200
2.27	-0.003570
2.28	-0.005640
2.29	0.003090
2.3	-0.000240
2.31	-0.005860
2.32	0.006470
2.33	-0.003360
2.34	-0.003790
2.35	0.004800
2.36	-0.009230
2.37	-0.006690
2.38	-0.003960
2.39	-0.011400
2.4	-0.008750
2.41	-0.002650
2.42	0.005020
2.43	0.008980
2.44	0.024500
2.45	0.023400
2.46	-0.000190
2.47	0.001040
2.48	0.001210
2.49	0.005940
2.5	0.012200
2.51	0.003520
2.52	0.001910
2.53	-0.008820
2.54	-0.011000
2.55	-0.006580
2.56	-0.003200
2.57	0.005330
2.58	-0.006700
2.59	-0.014700
2.6	-0.011500
2.61	-0.013400
2.62	-0.011700
2.63	-0.001220
2.64	0.009970
2.65	0.013900
2.66	0.021200
2.67	0.012500
2.68	-0.008120
2.69	-0.000720
2.7	0.002150
2.71	-0.007740
2.72	0.005950
2.73	0.011500
2.74	0.009990
2.75	0.010600
2.76	0.004700
2.77	0.001050
2.78	-0.007770
2.79	0.004640
2.8	-0.001030
2.81	-0.004860
2.82	0.024100
2.83	0.002160
2.84	-0.004740
2.85	0.005110
2.86	-0.007580
2.87	-0.000620
2.88	-0.009420
2.89	-0.012700
2.9	-0.008990
2.91	0.007760
2.92	0.010700
2.93	-0.024700
2.94	-0.006420
2.95	0.004400
2.96	-0.008830
2.97	0.007460
2.98	0.010100
2.99	0.011700
3	0.009210
3.01	0.006300
3.02	-0.000170
3.03	-0.006420
3.04	0.003760
3.05	-0.000050
3.06	0.007270
3.07	0.011200
3.08	-0.003640
3.09	-0.003250
3.1	0.004930
3.11	0.008570
3.12	-0.008490
3.13	-0.012900
3.14	0.004460
3.15	-0.003130
3.16	-0.003120
3.17	0.005050
3.18	-0.008590
3.19	0.000210
3.2	0.002340
3.21	-0.007680
3.22	0.003820
3.23	-0.000390
3.24	0.008710
3.25	0.010100
3.26	-0.006930
3.27	-0.003890
3.28	-0.005310
3.29	0.003790
3.3	0.000100
3.31	-0.005050
3.32	0.006630
3.33	-0.002300
3.34	-0.003910
3.35	0.006140
3.36	0.007540
3.37	-0.007090
3.38	-0.014000
3.39	-0.011400
3.4	-0.027300
3.41	-0.016200
3.42	0.003250
3.43	-0.007780
3.44	0.000580
3.45	0.002040
3.46	-0.006870
3.47	0.003190
3.48	0.000620
3.49	0.008000
3.5	0.011100
3.51	0.011100
3.52	0.010300
3.53	-0.020100
3.54	-0.016900
3.55	-0.003620
3.56	-0.003790
3.57	0.006780
3.58	-0.002220
3.59	-0.003600
3.6	0.006100
3.61	0.009420
3.62	0.011800
3.63	-0.001730
3.64	-0.010800
3.65	-0.008620
3.66	-0.001420
3.67	0.005320
3.68	-0.008540
3.69	0.007050
3.7	0.022100
3.71	0.000720
3.72	0.002590
3.73	-0.007360
3.74	-0.012700
3.75	0.006330
3.76	0.012900
3.77	0.009580
3.78	-0.003040
3.79	0.002330
3.8	0.002230
3.81	0.005690
3.82	0.013800
3.83	-0.005360
3.84	-0.000680
3.85	0.003570
3.86	-0.005030
3.87	0.005020
3.88	0.013200
3.89	0.009940
3.9	-0.002970
3.91	0.005990
3.92	0.012700
3.93	-0.008350
3.94	-0.012100
3.95	-0.012400
3.96	-0.011100
3.97	0.006430
3.98	0.012600
3.99	0.010800
4	0.011200
4.01	0.005900
4.02	-0.009160
4.03	-0.012200
4.04	0.004450
4.05	0.000730
4.06	-0.004780
4.07	0.007600
4.08	-0.002410
4.09	-0.002730
4.1	0.006030
4.11	-0.008590
4.12	-0.011600
4.13	-0.012500
4.14	-0.010600
4.15	-0.012400
4.16	-0.010800
4.17	0.002130
4.18	-0.006570
4.19	0.006530
4.2	0.011900
4.21	-0.004520
4.22	0.002760
4.23	0.002040
4.24	-0.006110
4.25	-0.009230
4.26	0.005600
4.27	0.003120
4.28	-0.011300
4.29	0.005380
4.3	-0.000190
4.31	-0.003670
4.32	0.007060
4.33	-0.001700
4.34	-0.002900
4.35	-0.008460
4.36	-0.012700
4.37	-0.003730
4.38	-0.003870
4.39	-0.008670
4.4	-0.009340
4.41	0.000750
4.42	0.003910
4.43	-0.005870
4.44	-0.000540
4.45	0.004450
4.46	0.008740
4.47	0.009600
4.48	-0.000390
4.49	0.009050
4.5	0.011800
4.51	0.011600
4.52	0.011300
4.53	-0.004030
4.54	0.004610
4.55	0.000980
4.56	-0.004720
4.57	0.008600
4.58	-0.003050
4.59	-0.000960
4.6	0.004620
4.61	-0.006140
4.62	-0.006860
4.63	-0.001110
4.64	0.005980
4.65	-0.001720
4.66	0.006300
4.67	0.013400
4.68	-0.007020
4.69	0.001070
4.7	0.003340
4.71	-0.006570
4.72	0.004740
4.73	-0.007320
4.74	-0.011400
4.75	0.006790
4.76	0.008340
4.77	0.001090
4.78	-0.005030
4.79	0.004520
4.8	-0.005590
4.81	-0.013100
4.82	0.008000
4.83	-0.007260
4.84	-0.010800
4.85	0.002540
4.86	-0.005490
4.87	-0.013200
4.88	-0.009680
4.89	0.022000
4.9	0.018400
4.91	0.000820
4.92	0.005690
4.93	-0.007610
4.94	0.001700
4.95	0.003220
4.96	-0.005970
4.97	0.004430
4.98	-0.006580
4.99	-0.011800
5	-0.011100
5.01	-0.010500
5.02	-0.001100
5.03	-0.004100
5.04	0.004560
5.05	0.002400
5.06	-0.005460
5.07	0.010100
5.08	0.010400
5.09	0.004260
5.1	0.003480
5.11	0.014700
5.12	0.022900
5.13	0.016300
5.14	0.010500
5.15	-0.002760
5.16	0.008010
5.17	0.012100
5.18	-0.004900
5.19	-0.000270
5.2	0.005260
5.21	0.008930
5.22	-0.008070
5.23	-0.023900
5.24	0.000310
5.25	0.012400
5.26	0.006500
5.27	0.003420
5.28	-0.007050
5.29	-0.008730
5.3	-0.005320
5.31	-0.000690
5.32	0.006580
5.33	-0.004390
5.34	-0.003360
5.35	0.011600
5.36	0.010500
5.37	-0.000050
5.38	-0.002950
5.39	0.007630
5.4	-0.001980
5.41	-0.001440
5.42	0.006520
5.43	-0.006760
5.44	0.001520
5.45	-0.006840
5.46	-0.011800
5.47	0.008880
5.48	0.012200
5.49	0.013400
5.5	-0.007770
5.51	-0.010300
5.52	0.009130
5.53	0.002280
5.54	0.005600
5.55	0.001510
5.56	-0.003350
5.57	-0.009730
5.58	-0.019600
5.59	0.004220
5.6	0.015500
5.61	0.009060
5.62	-0.004930
5.63	-0.013300
5.64	0.008510
5.65	0.015000
5.66	0.015700
5.67	0.006560
5.68	-0.024400
5.69	-0.017000
5.7	0.002330
5.71	-0.005220
5.72	-0.010400
5.73	-0.010300
5.74	-0.010700
5.75	-0.009820
5.76	0.002460
5.77	0.014900
5.78	0.015600
5.79	0.011500
5.8	-0.000190
5.81	-0.002710
5.82	-0.009460
5.83	-0.024500
5.84	-0.014300
5.85	0.005320
5.86	0.012900
5.87	0.012100
5.88	0.013200
5.89	0.011600
5.9	-0.001470
5.91	-0.001600
5.92	0.007370
5.93	-0.007710
5.94	-0.010300
5.95	0.000370
5.96	-0.004410
5.97	0.005170
5.98	-0.005870
5.99	-0.011000
6	0.008230
6.01	-0.004620
6.02	-0.001220
6.03	0.011800
6.04	0.010400
6.05	0.001250
6.06	-0.003520
6.07	0.009460
6.08	-0.001490
6.09	-0.000460
6.1	0.006490
6.11	-0.005900
6.12	-0.004780
6.13	-0.001040
6.14	0.008220
6.15	-0.005530
6.16	-0.010900
6.17	0.017800
6.18	0.018000
6.19	0.017800
6.2	0.008700
6.21	-0.008210
6.22	0.011000
6.23	0.011000
6.24	0.002220
6.25	0.005950
6.26	-0.002070
6.27	-0.003560
6.28	-0.001390
6.29	0.004260
6.3	0.003910
6.31	-0.004500
6.32	-0.007510
6.33	-0.006640
6.34	0.000750
6.35	-0.007880
6.36	-0.008970
6.37	0.009280
6.38	0.001680
6.39	-0.008830
6.4	-0.006890
6.41	0.001190
6.42	0.006380
6.43	-0.005310
6.44	0.001640
6.45	0.005430
6.46	-0.005980
6.47	-0.009040
6.48	-0.010900
6.49	0.004530
6.5	0.011600
6.51	0.014000
6.52	0.012300
6.53	-0.002340
6.54	0.006220
6.55	0.001790
6.56	-0.002100
6.57	0.008350
6.58	0.000560
6.59	-0.002040
6.6	-0.006080
6.61	-0.011700
6.62	-0.008580
6.63	-0.010600
6.64	-0.009290
6.65	-0.009710
6.66	-0.010200
6.67	0.005340
6.68	0.011600
6.69	0.008850
6.7	0.002210
6.71	-0.003390
6.72	0.004280
6.73	-0.004010
6.74	-0.011800
6.75	-0.008780
6.76	0.003150
6.77	0.004830
6.78	-0.004650
6.79	0.004620
6.8	-0.016800
6.81	-0.026500
6.82	-0.013000
6.83	-0.023400
6.84	-0.013300
6.85	-0.008960
6.86	-0.007910
6.87	0.009170
6.88	0.002540
6.89	-0.009230
6.9	-0.005790
6.91	0.000630
6.92	0.007560
6.93	0.012000
6.94	0.007730
6.95	0.003990
6.96	0.011200
6.97	0.014200
6.98	0.012200
6.99	0.014500
7	0.011500
7.01	0.009930
7.02	-0.009010
7.03	-0.023800
7.04	0.000390
7.05	0.005370
7.06	0.008600
7.07	0.015100
7.08	-0.001720
7.09	-0.000080
7.1	-0.007170
7.11	-0.008960
7.12	0.010300
7.13	0.001500
7.14	-0.007830
7.15	-0.006900
7.16	0.001820
7.17	0.006950
7.18	-0.005460
7.19	0.003120
7.2	0.004290
7.21	-0.003540
7.22	0.004600
7.23	0.004750
7.24	0.008760
7.25	-0.002970
7.26	-0.012000
7.27	0.002240
7.28	-0.004320
7.29	-0.011100
7.3	-0.013800
7.31	-0.004930
7.32	0.011400
7.33	-0.006170
7.34	-0.008690
7.35	0.003550
7.36	-0.003090
7.37	-0.012400
7.38	-0.007250
7.39	0.005780
7.4	-0.017600
7.41	-0.016200
7.42	0.007170
7.43	-0.005880
7.44	0.003740
7.45	0.004500
7.46	-0.004080
7.47	0.005850
7.48	0.003320
7.49	0.010700
7.5	0.013700
7.51	0.008820
7.52	0.002800
7.53	-0.002890
7.54	0.003420
7.55	-0.007250
7.56	-0.007470
7.57	0.013000
7.58	0.011400
7.59	0.006470
7.6	0.004410
7.61	-0.003200
7.62	-0.005590
7.63	0.001110
7.64	0.007980
7.65	-0.000210
7.66	-0.000020
7.67	-0.006680
7.68	-0.027400
7.69	-0.014800
7.7	0.003710
7.71	0.011800
7.72	0.011700
7.73	-0.006550
7.74	-0.009720
7.75	-0.009450
7.76	-0.009130
7.77	-0.009140
7.78	-0.024900
7.79	-0.013500
7.8	-0.008250
7.81	-0.022000
7.82	-0.013100
7.83	-0.004770
7.84	0.011600
7.85	0.013400
7.86	-0.003940
7.87	-0.011400
7.88	-0.008050
7.89	0.007010
7.9	-0.003650
7.91	-0.010600
7.92	-0.009040
7.93	-0.026800
7.94	-0.014600
7.95	0.003800
7.96	-0.004630
7.97	-0.008290
7.98	-0.001920
7.99	0.012500
8	0.013700
8.01	-0.004700
8.02	0.000060
8.03	0.012400
8.04	0.012000
8.05	0.001540
8.06	-0.001800
8.07	0.009780
8.08	0.000110
8.09	0.000010
8.1	0.007920
8.11	0.013300
8.12	0.013700
8.13	0.001800
8.14	0.008830
8.15	-0.001210
8.16	0.010000
8.17	0.027900
8.18	0.000680
8.19	-0.005280
8.2	-0.013400
8.21	-0.012800
8.22	0.011200
8.23	0.013800
8.24	0.014300
8.25	0.013300
8.26	0.008470
8.27	-0.006160
8.28	-0.010400
8.29	0.007970
8.3	0.002320
8.31	-0.001440
8.32	-0.008150
8.33	-0.023500
8.34	-0.002950
8.35	0.012400
8.36	0.015400
8.37	0.012200
8.38	0.003440
8.39	0.007100
8.4	0.004480
8.41	0.018900
8.42	0.032300
8.43	0.016400
8.44	0.012900
8.45	0.025400
8.46	0.034300
8.47	0.038400
8.48	0.034300
8.49	0.025400
8.5	0.011400
8.51	-0.002510
8.52	-0.002420
8.53	-0.000460
8.54	0.005080
8.55	-0.002270
8.56	-0.024700
8.57	-0.029200
8.58	-0.029300
8.59	-0.020000
8.6	-0.015900
8.61	-0.026900
8.62	-0.033600
8.63	-0.030800
8.64	-0.015300
8.65	-0.022600
8.66	-0.013500
8.67	0.020400
8.68	0.018300
8.69	0.025900
8.7	0.039900
8.71	0.039600
8.72	0.059000
8.73	0.070700
8.74	0.062600
8.75	0.039200
8.76	0.006990
8.77	-0.017700
8.78	-0.026800
8.79	-0.015500
8.8	-0.019400
8.81	-0.012300
8.82	0.009970
8.83	-0.004370
8.84	-0.019200
8.85	-0.016000
8.86	-0.010200
8.87	-0.028500
8.88	-0.043900
8.89	-0.020000
8.9	-0.022300
8.91	-0.022200
8.92	-0.000850
8.93	-0.004570
8.94	-0.003430
8.95	-0.013300
8.96	-0.013200
8.97	0.012300
8.98	0.012500
8.99	0.002920
9	0.007490
9.01	0.030300
9.02	0.015600
9.03	-0.001190
9.04	0.022700
9.05	0.000320
9.06	-0.010500
9.07	0.008070
9.08	0.001800
9.09	0.008420
9.1	0.016100
9.11	0.012500
9.12	0.021300
9.13	0.033900
9.14	0.037000
9.15	0.041000
9.16	0.045900
9.17	0.040600
9.18	0.015500
9.19	0.008410
9.2	0.003270
9.21	-0.019800
9.22	-0.016800
9.23	-0.027900
9.24	-0.031500
9.25	-0.033300
9.26	-0.042800
9.27	-0.027500
9.28	-0.022300
9.29	0.001050
9.3	0.006300
9.31	-0.003620
9.32	-0.006460
9.33	-0.024000
9.34	-0.012800
9.35	-0.007660
9.36	-0.029700
9.37	-0.050900
9.38	-0.056200
9.39	-0.053500
9.4	-0.051100
9.41	-0.034400
9.42	-0.016500
9.43	-0.009390
9.44	-0.008060
9.45	-0.009560
9.46	-0.008230
9.47	0.012100
9.48	0.042900
9.49	0.071600
9.5	0.082200
9.51	0.082400
9.52	0.081600
9.53	0.066500
9.54	0.054400
9.55	0.013000
9.56	-0.033700
9.57	-0.054700
9.58	-0.091000
9.59	-0.113000
9.6	-0.119000
9.61	-0.105000
9.62	-0.071100
9.63	-0.045100
9.64	0.003750
9.65	0.037300
9.66	0.048600
9.67	0.067700
9.68	0.080800
9.69	0.090900
9.7	0.074400
9.71	0.065200
9.72	0.072500
9.73	0.065700
9.74	0.056100
9.75	0.023800
9.76	-0.000340
9.77	-0.025200
9.78	-0.049500
9.79	-0.061000
9.8	-0.127000
9.81	-0.192000
9.82	-0.213000
9.83	-0.206000
9.84	-0.173000
9.85	-0.137000
9.86	-0.080000
9.87	-0.004170
9.88	0.059100
9.89	0.081900
9.9	0.063800
9.91	0.058600
9.92	0.086900
9.93	0.125000
9.94	0.160000
9.95	0.167000
9.96	0.154000
9.97	0.148000
9.98	0.130000
9.99	0.127000
10	0.127000
10.01	0.080200
10.02	0.028600
10.03	-0.001790
10.04	-0.012300
10.05	-0.020500
10.06	-0.024800
10.07	-0.030100
10.08	-0.064900
10.09	-0.068900
10.1	-0.059900
10.11	-0.093400
10.12	-0.121000
10.13	-0.135000
10.14	-0.144000
10.15	-0.142000
10.16	-0.125000
10.17	-0.107000
10.18	-0.099100
10.19	-0.086500
10.2	-0.073800
10.21	-0.040700
10.22	0.010200
10.23	0.059800
10.24	0.101000
10.25	0.124000
10.26	0.153000
10.27	0.180000
10.28	0.196000
10.29	0.188000
10.3	0.139000
10.31	0.097600
10.32	0.084300
10.33	0.084600
10.34	0.092800
10.35	0.069000
10.36	-0.000320
10.37	-0.056700
10.38	-0.089600
10.39	-0.116000
10.4	-0.121000
10.41	-0.101000
10.42	-0.086200
10.43	-0.093500
10.44	-0.089000
10.45	-0.083900
10.46	-0.079600
10.47	-0.054300
10.48	-0.017800
10.49	0.024900
10.5	0.055800
10.51	0.050500
10.52	0.018800
10.53	0.012600
10.54	0.006510
10.55	-0.035700
10.56	-0.062800
10.57	-0.092000
10.58	-0.144000
10.59	-0.195000
10.6	-0.248000
10.61	-0.278000
10.62	-0.276000
10.63	-0.249000
10.64	-0.185000
10.65	-0.113000
10.66	-0.014100
10.67	0.106000
10.68	0.192000
10.69	0.286000
10.7	0.376000
10.71	0.453000
10.72	0.526000
10.73	0.532000
10.74	0.488000
10.75	0.413000
10.76	0.294000
10.77	0.153000
10.78	0.019800
10.79	-0.075800
10.8	-0.167000
10.81	-0.242000
10.82	-0.298000
10.83	-0.389000
10.84	-0.459000
10.85	-0.485000
10.86	-0.485000
10.87	-0.454000
10.88	-0.397000
10.89	-0.304000
10.9	-0.177000
10.91	-0.003580
10.92	0.165000
10.93	0.279000
10.94	0.372000
10.95	0.436000
10.96	0.465000
10.97	0.443000
10.98	0.352000
10.99	0.239000
11	0.137000
11.01	0.053000
11.02	-0.027000
11.03	-0.131000
11.04	-0.218000
11.05	-0.291000
11.06	-0.348000
11.07	-0.368000
11.08	-0.394000
11.09	-0.384000
11.1	-0.301000
11.11	-0.176000
11.12	-0.060300
11.13	0.045300
11.14	0.168000
11.15	0.248000
11.16	0.304000
11.17	0.338000
11.18	0.339000
11.19	0.355000
11.2	0.340000
11.21	0.296000
11.22	0.262000
11.23	0.198000
11.24	0.099700
11.25	0.003890
11.26	-0.068000
11.27	-0.125000
11.28	-0.180000
11.29	-0.210000
11.3	-0.237000
11.31	-0.260000
11.32	-0.229000
11.33	-0.196000
11.34	-0.125000
11.35	-0.003820
11.36	0.077600
11.37	0.103000
11.38	0.083300
11.39	0.041900
11.4	-0.015200
11.41	-0.017200
11.42	0.021800
11.43	0.037300
11.44	0.094200
11.45	0.119000
11.46	0.093100
11.47	0.054900
11.48	-0.018300
11.49	-0.078600
11.5	-0.139000
11.51	-0.170000
11.52	-0.180000
11.53	-0.215000
11.54	-0.219000
11.55	-0.205000
11.56	-0.180000
11.57	-0.115000
11.58	-0.022000
11.59	0.069500
11.6	0.136000
11.61	0.167000
11.62	0.163000
11.63	0.169000
11.64	0.191000
11.65	0.200000
11.66	0.197000
11.67	0.178000
11.68	0.133000
11.69	0.102000
11.7	0.093100
11.71	0.087900
11.72	0.074700
11.73	0.027600
11.74	-0.034700
11.75	-0.110000
11.76	-0.169000
11.77	-0.190000
11.78	-0.191000
11.79	-0.154000
11.8	-0.142000
11.81	-0.171000
11.82	-0.189000
11.83	-0.182000
11.84	-0.132000
11.85	-0.040900
11.86	0.071100
11.87	0.165000
11.88	0.250000
11.89	0.304000
11.9	0.288000
11.91	0.239000
11.92	0.171000
11.93	0.071200
11.94	-0.050700
11.95	-0.148000
11.96	-0.203000
11.97	-0.212000
11.98	-0.185000
11.99	-0.156000
12	-0.126000
12.01	-0.084500
12.02	-0.042400
12.03	0.001900
12.04	0.054500
12.05	0.067100
12.06	0.069600
12.07	0.093800
12.08	0.094500
12.09	0.088600
12.1	0.071700
12.11	0.035000
12.12	-0.014500
12.13	-0.077000
12.14	-0.133000
12.15	-0.185000
12.16	-0.202000
12.17	-0.183000
12.18	-0.148000
12.19	-0.081000
12.2	-0.041900
12.21	-0.016100
12.22	0.036500
12.23	0.092400
12.24	0.155000
12.25	0.208000
12.26	0.272000
12.27	0.324000
12.28	0.341000
12.29	0.339000
12.3	0.266000
12.31	0.165000
12.32	0.058400
12.33	-0.057200
12.34	-0.157000
12.35	-0.269000
12.36	-0.346000
12.37	-0.370000
12.38	-0.363000
12.39	-0.314000
12.4	-0.230000
12.41	-0.096400
12.42	0.035700
12.43	0.105000
12.44	0.144000
12.45	0.153000
12.46	0.133000
12.47	0.105000
12.48	0.084100
12.49	0.080800
12.5	0.063800
12.51	0.047400
12.52	0.019600
12.53	-0.019300
12.54	-0.036300
12.55	-0.070400
12.56	-0.078900
12.57	-0.058700
12.58	-0.044800
12.59	-0.013700
12.6	0.021700
12.61	0.056700
12.62	0.052600
12.63	0.040700
12.64	0.068100
12.65	0.070800
12.66	0.066800
12.67	0.064100
12.68	0.037900
12.69	0.025600
12.7	0.005580
12.71	-0.003720
12.72	0.006090
12.73	-0.020700
12.74	-0.051200
12.75	-0.074800
12.76	-0.101000
12.77	-0.122000
12.78	-0.122000
12.79	-0.088700
12.8	-0.077800
12.81	-0.072700
12.82	-0.056600
12.83	-0.053700
12.84	-0.064100
12.85	-0.089600
12.86	-0.103000
12.87	-0.104000
12.88	-0.083600
12.89	-0.022900
12.9	0.044500
12.91	0.118000
12.92	0.173000
12.93	0.216000
12.94	0.277000
12.95	0.278000
12.96	0.233000
12.97	0.192000
12.98	0.148000
12.99	0.127000
13	0.127000
13.01	0.141000
13.02	0.120000
13.03	0.043900
13.04	-0.035500
13.05	-0.117000
13.06	-0.174000
13.07	-0.206000
13.08	-0.212000
13.09	-0.201000
13.1	-0.212000
13.11	-0.213000
13.12	-0.207000
13.13	-0.193000
13.14	-0.155000
13.15	-0.133000
13.16	-0.076200
13.17	0.002830
13.18	0.038800
13.19	0.086900
13.2	0.136000
13.21	0.151000
13.22	0.147000
13.23	0.124000
13.24	0.104000
13.25	0.068600
13.26	0.002480
13.27	-0.067500
13.28	-0.133000
13.29	-0.187000
13.3	-0.218000
13.31	-0.195000
13.32	-0.136000
13.33	-0.091400
13.34	-0.049300
13.35	0.013900
13.36	0.094400
13.37	0.155000
13.38	0.210000
13.39	0.273000
13.4	0.288000
13.41	0.270000
13.42	0.243000
13.43	0.203000
13.44	0.161000
13.45	0.121000
13.46	0.087100
13.47	0.041400
13.48	-0.001620
13.49	-0.055700
13.5	-0.114000
13.51	-0.136000
13.52	-0.172000
13.53	-0.223000
13.54	-0.236000
13.55	-0.222000
13.56	-0.182000
13.57	-0.113000
13.58	-0.050800
13.59	-0.011300
13.6	0.021900
13.61	0.077900
13.62	0.129000
13.63	0.151000
13.64	0.168000
13.65	0.155000
13.66	0.132000
13.67	0.093300
13.68	0.044600
13.69	0.015500
13.7	-0.034400
13.71	-0.088900
13.72	-0.138000
13.73	-0.156000
13.74	-0.152000
13.75	-0.164000
13.76	-0.145000
13.77	-0.103000
13.78	-0.062700
13.79	-0.013600
13.8	0.021000
13.81	0.047400
13.82	0.078700
13.83	0.105000
13.84	0.147000
13.85	0.184000
13.86	0.199000
13.87	0.200000
13.88	0.194000
13.89	0.191000
13.9	0.137000
13.91	0.085900
13.92	0.033900
13.93	-0.062300
13.94	-0.112000
13.95	-0.164000
13.96	-0.222000
13.97	-0.241000
13.98	-0.254000
13.99	-0.247000
14	-0.215000
14.01	-0.153000
14.02	-0.077200
14.03	0.009000
14.04	0.102000
14.05	0.160000
14.06	0.208000
14.07	0.236000
14.08	0.220000
14.09	0.197000
14.1	0.179000
14.11	0.172000
14.12	0.152000
14.13	0.127000
14.14	0.105000
14.15	0.045800
14.16	-0.005100
14.17	-0.028600
14.18	-0.051900
14.19	-0.080400
14.2	-0.097300
14.21	-0.101000
14.22	-0.114000
14.23	-0.097100
14.24	-0.062800
14.25	-0.055000
14.26	-0.057900
14.27	-0.054100
14.28	-0.034000
14.29	-0.016600
14.3	-0.045800
14.31	-0.068800
14.32	-0.058200
14.33	-0.072300
14.34	-0.087300
14.35	-0.113000
14.36	-0.141000
14.37	-0.140000
14.38	-0.148000
14.39	-0.165000
14.4	-0.183000
14.41	-0.162000
14.42	-0.104000
14.43	-0.035100
14.44	0.057300
14.45	0.140000
14.46	0.186000
14.47	0.202000
14.48	0.222000
14.49	0.241000
14.5	0.222000
14.51	0.212000
14.52	0.209000
14.53	0.168000
14.54	0.130000
14.55	0.097700
14.56	0.059300
14.57	0.018000
14.58	-0.024000
14.59	-0.033900
14.6	-0.031800
14.61	-0.031800
14.62	-0.045400
14.63	-0.044200
14.64	-0.021100
14.65	-0.038200
14.66	-0.048400
14.67	-0.034500
14.68	-0.035500
14.69	-0.053600
14.7	-0.077200
14.71	-0.092700
14.72	-0.097700
14.73	-0.071600
14.74	-0.041500
14.75	-0.031300
14.76	-0.017300
14.77	-0.017600
14.78	-0.025900
14.79	-0.015000
14.8	-0.026900
14.81	-0.044900
14.82	-0.053800
14.83	-0.072600
14.84	-0.068900
14.85	-0.054600
14.86	-0.017400
14.87	-0.005140
14.88	-0.022100
14.89	-0.011800
14.9	-0.025100
14.91	-0.019700
14.92	-0.002660
14.93	0.017500
14.94	0.069100
14.95	0.098200
14.96	0.119000
14.97	0.135000
14.98	0.158000
14.99	0.154000
15	0.113000
15.01	0.080700
15.02	0.015700
15.03	-0.043900
15.04	-0.052900
15.05	-0.064300
15.06	-0.097700
15.07	-0.124000
15.08	-0.121000
15.09	-0.114000
15.1	-0.114000
15.11	-0.106000
15.12	-0.117000
15.13	-0.136000
15.14	-0.109000
15.15	-0.050600
15.16	0.016700
15.17	0.065400
15.18	0.084800
15.19	0.119000
15.2	0.142000
15.21	0.131000
15.22	0.114000
15.23	0.104000
15.24	0.075600
15.25	0.000280
15.26	-0.057700
15.27	-0.109000
15.28	-0.168000
15.29	-0.177000
15.3	-0.185000
15.31	-0.192000
15.32	-0.172000
15.33	-0.144000
15.34	-0.114000
15.35	-0.070800
15.36	-0.014300
15.37	0.032600
15.38	0.089000
15.39	0.140000
15.4	0.160000
15.41	0.189000
15.42	0.212000
15.43	0.216000
15.44	0.183000
15.45	0.122000
15.46	0.071100
15.47	0.020600
15.48	-0.005240
15.49	-0.027200
15.5	-0.052400
15.51	-0.040600
15.52	-0.051900
15.53	-0.069100
15.54	-0.041400
15.55	-0.013300
15.56	0.009030
15.57	0.051400
15.58	0.126000
15.59	0.189000
15.6	0.218000
15.61	0.255000
15.62	0.281000
15.63	0.290000
15.64	0.291000
15.65	0.261000
15.66	0.209000
15.67	0.125000
15.68	0.028900
15.69	-0.022900
15.7	-0.072300
15.71	-0.132000
15.72	-0.187000
15.73	-0.236000
15.74	-0.277000
15.75	-0.320000
15.76	-0.306000
15.77	-0.251000
15.78	-0.185000
15.79	-0.084800
15.8	0.015800
15.81	0.114000
15.82	0.187000
15.83	0.244000
15.84	0.302000
15.85	0.331000
15.86	0.349000
15.87	0.331000
15.88	0.273000
15.89	0.210000
15.9	0.127000
15.91	0.060300
15.92	-0.014300
15.93	-0.106000
15.94	-0.167000
15.95	-0.227000
15.96	-0.277000
15.97	-0.318000
15.98	-0.346000
15.99	-0.381000
16	-0.433000
16.01	-0.424000
16.02	-0.395000
16.03	-0.359000
16.04	-0.285000
16.05	-0.190000
16.06	-0.077000
16.07	0.022800
16.08	0.128000
16.09	0.212000
16.1	0.254000
16.11	0.283000
16.12	0.274000
16.13	0.272000
16.14	0.264000
16.15	0.205000
16.16	0.145000
16.17	0.066700
16.18	-0.042900
16.19	-0.158000
16.2	-0.275000
16.21	-0.375000
16.22	-0.457000
16.23	-0.495000
16.24	-0.480000
16.25	-0.446000
16.26	-0.361000
16.27	-0.227000
16.28	-0.085600
16.29	0.069200
16.3	0.204000
16.31	0.317000
16.32	0.410000
16.33	0.449000
16.34	0.466000
16.35	0.454000
16.36	0.403000
16.37	0.320000
16.38	0.206000
16.39	0.118000
16.4	0.036700
16.41	-0.041400
16.42	-0.124000
16.43	-0.184000
16.44	-0.169000
16.45	-0.125000
16.46	-0.051000
16.47	0.039900
16.48	0.171000
16.49	0.303000
16.5	0.375000
16.51	0.429000
16.52	0.418000
16.53	0.353000
16.54	0.265000
16.55	0.161000
16.56	0.054100
16.57	-0.055800
16.58	-0.140000
16.59	-0.212000
16.6	-0.255000
16.61	-0.258000
16.62	-0.233000
16.63	-0.165000
16.64	-0.074800
16.65	-0.003570
16.66	0.062000
16.67	0.110000
16.68	0.129000
16.69	0.152000
16.7	0.171000
16.71	0.189000
16.72	0.173000
16.73	0.128000
16.74	0.071500
16.75	0.021200
16.76	0.017900
16.77	-0.002120
16.78	-0.042600
16.79	-0.099400
16.8	-0.175000
16.81	-0.239000
16.82	-0.293000
16.83	-0.323000
16.84	-0.362000
16.85	-0.392000
16.86	-0.392000
16.87	-0.352000
16.88	-0.240000
16.89	-0.089600
16.9	0.063300
16.91	0.190000
16.92	0.282000
16.93	0.348000
16.94	0.370000
16.95	0.346000
16.96	0.299000
16.97	0.240000
16.98	0.167000
16.99	0.067700
17	-0.019600
17.01	-0.054200
17.02	-0.079800
17.03	-0.083400
17.04	-0.056400
17.05	-0.055700
17.06	-0.066000
17.07	-0.078300
17.08	-0.100000
17.09	-0.122000
17.1	-0.138000
17.11	-0.106000
17.12	-0.033100
17.13	0.052300
17.14	0.152000
17.15	0.242000
17.16	0.304000
17.17	0.323000
17.18	0.333000
17.19	0.348000
17.2	0.345000
17.21	0.330000
17.22	0.270000
17.23	0.186000
17.24	0.079300
17.25	-0.077700
17.26	-0.243000
17.27	-0.422000
17.28	-0.566000
17.29	-0.624000
17.3	-0.637000
17.31	-0.613000
17.32	-0.564000
17.33	-0.479000
17.34	-0.364000
17.35	-0.248000
17.36	-0.093200
17.37	0.031600
17.38	0.112000
17.39	0.162000
17.4	0.111000
17.41	0.024800
17.42	-0.069900
17.43	-0.140000
17.44	-0.143000
17.45	-0.137000
17.46	-0.129000
17.47	-0.114000
17.48	-0.057600
17.49	0.009580
17.5	0.052800
17.51	0.104000
17.52	0.135000
17.53	0.118000
17.54	0.040200
17.55	-0.040200
17.56	-0.090200
17.57	-0.119000
17.58	-0.111000
17.59	-0.110000
17.6	-0.103000
17.61	-0.061400
17.62	-0.014100
17.63	0.041700
17.64	0.093700
17.65	0.105000
17.66	0.094700
17.67	0.082500
17.68	0.060600
17.69	0.032500
17.7	0.013500
17.71	0.012600
17.72	0.036400
17.73	0.084400
17.74	0.129000
17.75	0.168000
17.76	0.204000
17.77	0.220000
17.78	0.236000
17.79	0.259000
17.8	0.264000
17.81	0.249000
17.82	0.223000
17.83	0.178000
17.84	0.086000
17.85	-0.039900
17.86	-0.138000
17.87	-0.197000
17.88	-0.226000
17.89	-0.220000
17.9	-0.207000
17.91	-0.174000
17.92	-0.141000
17.93	-0.121000
17.94	-0.087800
17.95	-0.074000
17.96	-0.080700
17.97	-0.116000
17.98	-0.164000
17.99	-0.188000
18	-0.194000
18.01	-0.149000
18.02	-0.114000
18.03	-0.133000
18.04	-0.148000
18.05	-0.152000
18.06	-0.128000
18.07	-0.088400
18.08	-0.052000
18.09	-0.017000
18.1	-0.003150
18.11	0.004990
18.12	-0.024000
18.13	-0.059600
18.14	-0.059700
18.15	-0.070800
18.16	-0.060300
18.17	-0.026100
18.18	0.007730
18.19	0.039500
18.2	0.055100
18.21	0.092200
18.22	0.149000
18.23	0.210000
18.24	0.258000
18.25	0.266000
18.26	0.245000
18.27	0.182000
18.28	0.085000
18.29	-0.027600
18.3	-0.146000
18.31	-0.236000
18.32	-0.280000
18.33	-0.267000
18.34	-0.239000
18.35	-0.204000
18.36	-0.151000
18.37	-0.107000
18.38	-0.024600
18.39	0.095900
18.4	0.228000
18.41	0.373000
18.42	0.486000
18.43	0.550000
18.44	0.585000
18.45	0.578000
18.46	0.526000
18.47	0.445000
18.48	0.340000
18.49	0.228000
18.5	0.116000
18.51	0.002880
18.52	-0.105000
18.53	-0.209000
18.54	-0.306000
18.55	-0.402000
18.56	-0.455000
18.57	-0.448000
18.58	-0.391000
18.59	-0.307000
18.6	-0.232000
18.61	-0.157000
18.62	-0.104000
18.63	-0.050300
18.64	0.001840
18.65	0.047200
18.66	0.123000
18.67	0.165000
18.68	0.170000
18.69	0.135000
18.7	0.040600
18.71	-0.074400
18.72	-0.184000
18.73	-0.233000
18.74	-0.258000
18.75	-0.299000
18.76	-0.314000
18.77	-0.306000
18.78	-0.271000
18.79	-0.197000
18.8	-0.094500
18.81	0.019900
18.82	0.112000
18.83	0.171000
18.84	0.221000
18.85	0.273000
18.86	0.302000
18.87	0.289000
18.88	0.258000
18.89	0.206000
18.9	0.127000
18.91	0.055600
18.92	-0.014200
18.93	-0.092500
18.94	-0.156000
18.95	-0.201000
18.96	-0.233000
18.97	-0.254000
18.98	-0.244000
18.99	-0.223000
19	-0.199000
19.01	-0.124000
19.02	-0.051500
19.03	0.003570
19.04	0.069800
19.05	0.125000
19.06	0.190000
19.07	0.235000
19.08	0.239000
19.09	0.229000
19.1	0.202000
19.11	0.172000
19.12	0.143000
19.13	0.114000
19.14	0.084700
19.15	0.041200
19.16	0.004050
19.17	-0.028600
19.18	-0.075300
19.19	-0.099200
19.2	-0.105000
19.21	-0.117000
19.22	-0.125000
19.23	-0.095900
19.24	-0.028600
19.25	0.048700
19.26	0.168000
19.27	0.278000
19.28	0.327000
19.29	0.347000
19.3	0.341000
19.31	0.322000
19.32	0.255000
19.33	0.164000
19.34	0.078500
19.35	-0.024900
19.36	-0.101000
19.37	-0.163000
19.38	-0.186000
19.39	-0.158000
19.4	-0.111000
19.41	0.010700
19.42	0.147000
19.43	0.253000
19.44	0.333000
19.45	0.372000
19.46	0.392000
19.47	0.353000
19.48	0.287000
19.49	0.226000
19.5	0.141000
19.51	0.054000
19.52	-0.052700
19.53	-0.152000
19.54	-0.234000
19.55	-0.325000
19.56	-0.396000
19.57	-0.441000
19.58	-0.467000
19.59	-0.478000
19.6	-0.453000
19.61	-0.365000
19.62	-0.257000
19.63	-0.144000
19.64	-0.032100
19.65	0.057700
19.66	0.129000
19.67	0.175000
19.68	0.214000
19.69	0.252000
19.7	0.253000
19.71	0.237000
19.72	0.217000
19.73	0.177000
19.74	0.110000
19.75	0.003300
19.76	-0.118000
19.77	-0.239000
19.78	-0.348000
19.79	-0.399000
19.8	-0.412000
19.81	-0.401000
19.82	-0.362000
19.83	-0.277000
19.84	-0.163000
19.85	-0.075900
19.86	0.022400
19.87	0.089100
19.88	0.122000
19.89	0.194000
19.9	0.247000
19.91	0.289000
19.92	0.287000
19.93	0.244000
19.94	0.204000
19.95	0.151000
19.96	0.108000
19.97	0.065100
19.98	0.073300
19.99	0.091800
20	0.083100
20.01	0.114000
20.02	0.138000
20.03	0.160000
20.04	0.169000
20.05	0.149000
20.06	0.121000
20.07	0.065800
20.08	0.007100
20.09	-0.041600
20.1	-0.073400
20.11	-0.082400
20.12	-0.100000
20.13	-0.116000
20.14	-0.109000
20.15	-0.122000
20.16	-0.136000
20.17	-0.133000
20.18	-0.125000
20.19	-0.077000
20.2	-0.026100
20.21	-0.013100
20.22	-0.054300
20.23	-0.117000
20.24	-0.159000
20.25	-0.192000
20.26	-0.210000
20.27	-0.245000
20.28	-0.258000
20.29	-0.226000
20.3	-0.199000
20.31	-0.151000
20.32	-0.089600
20.33	-0.009640
20.34	0.079500
20.35	0.152000
20.36	0.228000
20.37	0.267000
20.38	0.268000
20.39	0.262000
20.4	0.236000
20.41	0.200000
20.42	0.156000
20.43	0.128000
20.44	0.115000
20.45	0.104000
20.46	0.116000
20.47	0.105000
20.48	0.083600
20.49	0.071500
20.5	0.058600
20.51	0.085200
20.52	0.105000
20.53	0.119000
20.54	0.142000
20.55	0.134000
20.56	0.119000
20.57	0.083100
20.58	0.035800
20.59	0.009100
20.6	-0.019800
20.61	-0.038400
20.62	-0.047500
20.63	-0.039900
20.64	-0.017100
20.65	-0.005630
20.66	0.027000
20.67	0.047800
20.68	0.037400
20.69	0.050200
20.7	0.056000
20.71	0.055300
20.72	0.048500
20.73	0.008630
20.74	-0.027400
20.75	-0.072400
20.76	-0.109000
20.77	-0.114000
20.78	-0.107000
20.79	-0.063400
20.8	-0.022500
20.81	0.019200
20.82	0.069100
20.83	0.083700
20.84	0.098500
20.85	0.100000
20.86	0.081400
20.87	0.049500
20.88	-0.001170
20.89	-0.052500
20.9	-0.145000
20.91	-0.249000
20.92	-0.319000
20.93	-0.371000
20.94	-0.404000
20.95	-0.408000
20.96	-0.386000
20.97	-0.365000
20.98	-0.303000
20.99	-0.209000
21	-0.118000
21.01	0.010800
21.02	0.115000
21.03	0.183000
21.04	0.246000
21.05	0.237000
21.06	0.189000
21.07	0.133000
21.08	0.055400
21.09	0.001890
21.1	-0.028300
21.11	-0.037100
21.12	-0.035600
21.13	-0.048900
21.14	-0.056800
21.15	-0.056800
21.16	-0.037500
21.17	-0.008710
21.18	0.011800
21.19	0.014600
21.2	-0.016400
21.21	-0.055300
21.22	-0.094700
21.23	-0.117000
21.24	-0.123000
21.25	-0.129000
21.26	-0.101000
21.27	-0.063700
21.28	-0.020800
21.29	0.044900
21.3	0.093200
21.31	0.132000
21.32	0.165000
21.33	0.188000
21.34	0.202000
21.35	0.197000
21.36	0.190000
21.37	0.165000
21.38	0.123000
21.39	0.084100
21.4	0.038000
21.41	0.003680
21.42	-0.032600
21.43	-0.093100
21.44	-0.134000
21.45	-0.147000
21.46	-0.152000
21.47	-0.142000
21.48	-0.104000
21.49	-0.053400
21.5	-0.018700
21.51	0.031300
21.52	0.074800
21.53	0.082600
21.54	0.116000
21.55	0.124000
21.56	0.111000
21.57	0.099400
21.58	0.036000
21.59	-0.031600
21.6	-0.086800
21.61	-0.128000
21.62	-0.166000
21.63	-0.187000
21.64	-0.177000
21.65	-0.187000
21.66	-0.176000
21.67	-0.158000
21.68	-0.149000
21.69	-0.137000
21.7	-0.134000
21.71	-0.113000
21.72	-0.074800
21.73	-0.006950
21.74	0.059000
21.75	0.095300
21.76	0.134000
21.77	0.137000
21.78	0.112000
21.79	0.095700
21.8	0.052900
21.81	-0.005060
21.82	-0.072400
21.83	-0.143000
21.84	-0.194000
21.85	-0.244000
21.86	-0.266000
21.87	-0.263000
21.88	-0.264000
21.89	-0.246000
21.9	-0.214000
21.91	-0.160000
21.92	-0.099500
21.93	-0.022900
21.94	0.084400
21.95	0.164000
21.96	0.225000
21.97	0.277000
21.98	0.312000
21.99	0.339000
22	0.332000
22.01	0.310000
22.02	0.246000
22.03	0.166000
22.04	0.119000
22.05	0.055100
22.06	0.006310
22.07	-0.032000
22.08	-0.069700
22.09	-0.065200
22.1	-0.042200
22.11	-0.000080
22.12	0.025900
22.13	0.061000
22.14	0.130000
22.15	0.151000
22.16	0.175000
22.17	0.218000
22.18	0.218000
22.19	0.201000
22.2	0.140000
22.21	0.051800
22.22	-0.017000
22.23	-0.099300
22.24	-0.174000
22.25	-0.215000
22.26	-0.225000
22.27	-0.227000
22.28	-0.221000
22.29	-0.177000
22.3	-0.137000
22.31	-0.106000
22.32	-0.068900
22.33	-0.028100
22.34	0.003080
22.35	0.012100
22.36	0.025100
22.37	0.014600
22.38	0.007680
22.39	0.026100
22.4	0.018100
22.41	0.017800
22.42	0.027000
22.43	0.030300
22.44	0.046500
22.45	0.044900
22.46	0.037700
22.47	0.049300
22.48	0.064300
22.49	0.075200
22.5	0.077600
22.51	0.072700
22.52	0.056000
22.53	0.039500
22.54	0.025500
22.55	0.002220
22.56	-0.009080
22.57	-0.011000
22.58	-0.010600
22.59	-0.002690
22.6	-0.011700
22.61	-0.032800
22.62	-0.030400
22.63	-0.004440
22.64	0.026900
22.65	0.058300
22.66	0.105000
22.67	0.165000
22.68	0.210000
22.69	0.240000
22.7	0.257000
22.71	0.260000
22.72	0.234000
22.73	0.180000
22.74	0.133000
22.75	0.085000
22.76	0.050500
22.77	0.033500
22.78	0.015500
22.79	0.006320
22.8	-0.009760
22.81	-0.027800
22.82	-0.052900
22.83	-0.098000
22.84	-0.116000
22.85	-0.126000
22.86	-0.146000
22.87	-0.144000
22.88	-0.129000
22.89	-0.091700
22.9	-0.080600
22.91	-0.081000
22.92	-0.053700
22.93	-0.053300
22.94	-0.022100
22.95	0.011200
22.96	0.013400
22.97	0.050100
22.98	0.092100
22.99	0.121000
23	0.141000
23.01	0.172000
23.02	0.198000
23.03	0.215000
23.04	0.247000
23.05	0.252000
23.06	0.228000
23.07	0.200000
23.08	0.160000
23.09	0.099300
23.1	0.042000
23.11	0.008220
23.12	-0.042300
23.13	-0.105000
23.14	-0.142000
23.15	-0.176000
23.16	-0.200000
23.17	-0.219000
23.18	-0.234000
23.19	-0.211000
23.2	-0.190000
23.21	-0.158000
23.22	-0.109000
23.23	-0.064300
23.24	-0.027300
23.25	-0.010300
23.26	-0.001650
23.27	-0.007890
23.28	-0.015300
23.29	-0.035800
23.3	-0.068200
23.31	-0.075900
23.32	-0.061400
23.33	-0.054900
23.34	-0.047100
23.35	-0.042800
23.36	-0.071100
23.37	-0.065100
23.38	-0.057400
23.39	-0.075700
23.4	-0.086200
23.41	-0.100000
23.42	-0.091500
23.43	-0.079400
23.44	-0.043800
23.45	-0.000190
23.46	0.045900
23.47	0.112000
23.48	0.144000
23.49	0.177000
23.5	0.212000
23.51	0.238000
23.52	0.269000
23.53	0.281000
23.54	0.260000
23.55	0.219000
23.56	0.187000
23.57	0.152000
23.58	0.107000
23.59	0.069500
23.6	0.035900
23.61	-0.007610
23.62	-0.041400
23.63	-0.057100
23.64	-0.076500
23.65	-0.100000
23.66	-0.114000
23.67	-0.125000
23.68	-0.146000
23.69	-0.150000
23.7	-0.128000
23.71	-0.088400
23.72	-0.040800
23.73	0.003920
23.74	0.041500
23.75	0.057700
23.76	0.077600
23.77	0.090100
23.78	0.078400
23.79	0.076200
23.8	0.065100
23.81	0.050100
23.82	0.051600
23.83	0.036900
23.84	0.021600
23.85	0.011100
23.86	-0.029500
23.87	-0.063600
23.88	-0.080000
23.89	-0.098600
23.9	-0.108000
23.91	-0.123000
23.92	-0.142000
23.93	-0.167000
23.94	-0.174000
23.95	-0.160000
23.96	-0.167000
23.97	-0.153000
23.98	-0.139000
23.99	-0.129000
24	-0.087500
24.01	-0.050900
24.02	-0.015500
24.03	0.018500
24.04	0.055500
24.05	0.074600
24.06	0.080100
24.07	0.095000
24.08	0.060400
24.09	0.013800
24.1	-0.026000
24.11	-0.073200
24.12	-0.097500
24.13	-0.109000
24.14	-0.089600
24.15	-0.056500
24.16	-0.020000
24.17	0.022200
24.18	0.053900
24.19	0.094000
24.2	0.115000
24.21	0.121000
24.22	0.141000
24.23	0.135000
24.24	0.118000
24.25	0.101000
24.26	0.064200
24.27	0.021000
24.28	-0.055300
24.29	-0.123000
24.3	-0.163000
24.31	-0.216000
24.32	-0.240000
24.33	-0.236000
24.34	-0.210000
24.35	-0.165000
24.36	-0.125000
24.37	-0.054400
24.38	0.010500
24.39	0.049400
24.4	0.098500
24.41	0.141000
24.42	0.195000
24.43	0.254000
24.44	0.281000
24.45	0.296000
24.46	0.303000
24.47	0.301000
24.48	0.265000
24.49	0.232000
24.5	0.196000
24.51	0.111000
24.52	0.045400
24.53	-0.018900
24.54	-0.096200
24.55	-0.155000
24.56	-0.194000
24.57	-0.219000
24.58	-0.243000
24.59	-0.227000
24.6	-0.197000
24.61	-0.175000
24.62	-0.129000
24.63	-0.090600
24.64	-0.074700
24.65	-0.067200
24.66	-0.074200
24.67	-0.083300
24.68	-0.097800
24.69	-0.131000
24.7	-0.134000
24.71	-0.129000
24.72	-0.142000
24.73	-0.151000
24.74	-0.147000
24.75	-0.112000
24.76	-0.100000
24.77	-0.103000
24.78	-0.103000
24.79	-0.098400
24.8	-0.064700
24.81	-0.042600
24.82	-0.017800
24.83	0.012400
24.84	0.041300
24.85	0.070200
24.86	0.082700
24.87	0.110000
24.88	0.119000
24.89	0.104000
24.9	0.098600
24.91	0.080500
24.92	0.064900
24.93	0.054500
24.94	0.031800
24.95	0.011500
24.96	0.010200
24.97	0.029300
24.98	0.034300
24.99	0.020600
25	0.028900
25.01	0.040400
25.02	0.052400
25.03	0.073800
25.04	0.077900
25.05	0.073000
25.06	0.056900
25.07	0.039000
25.08	0.031300
25.09	0.015300
25.1	-0.010200
25.11	-0.029100
25.12	-0.024100
25.13	-0.018800
25.14	-0.013700
25.15	0.007300
25.16	0.030100
25.17	0.052600
25.18	0.058400
25.19	0.055100
25.2	0.058000
25.21	0.054300
25.22	0.037100
25.23	0.002290
25.24	-0.021400
25.25	-0.019100
25.26	-0.016000
25.27	0.001590
25.28	0.031100
25.29	0.031300
25.3	0.028800
25.31	0.023700
25.32	-0.001620
25.33	-0.018800
25.34	-0.030800
25.35	-0.035700
25.36	-0.052700
25.37	-0.058300
25.38	-0.045000
25.39	-0.052400
25.4	-0.042000
25.41	-0.035700
25.42	-0.028900
25.43	0.003100
25.44	0.020400
25.45	0.030000
25.46	0.036100
25.47	0.051100
25.48	0.058800
25.49	0.055800
25.5	0.075600
25.51	0.090900
25.52	0.098200
25.53	0.099700
25.54	0.105000
25.55	0.134000
25.56	0.140000
25.57	0.130000
25.58	0.142000
25.59	0.149000
25.6	0.132000
25.61	0.108000
25.62	0.106000
25.63	0.072800
25.64	0.022100
25.65	0.020500
25.66	-0.004250
25.67	-0.041300
25.68	-0.058400
25.69	-0.094200
25.7	-0.128000
25.71	-0.144000
25.72	-0.150000
25.73	-0.146000
25.74	-0.136000
25.75	-0.124000
25.76	-0.121000
25.77	-0.104000
25.78	-0.071000
25.79	-0.071600
25.8	-0.061600
25.81	-0.042300
25.82	-0.053000
25.83	-0.037900
25.84	-0.023900
25.85	-0.011800
25.86	0.007150
25.87	0.013400
25.88	0.022700
25.89	0.017000
25.9	0.029400
25.91	0.035500
25.92	0.034300
25.93	0.051100
25.94	0.020900
25.95	-0.002350
25.96	0.006960
25.97	-0.010700
25.98	-0.030900
25.99	-0.035200
26	-0.033500
26.01	-0.033700
26.02	-0.034100
26.03	-0.033200
26.04	-0.032300
26.05	-0.021000
26.06	-0.019000
26.07	-0.011300
26.08	0.002710
26.09	-0.006470
26.1	0.002750
26.11	0.011800
26.12	0.012300
26.13	0.023100
26.14	0.034500
26.15	0.067400
26.16	0.072400
26.17	0.062100
26.18	0.057500
26.19	0.018200
26.2	0.010700
26.21	0.027200
26.22	0.020300
26.23	0.021100
26.24	0.015600
26.25	0.010100
26.26	0.018200
26.27	0.030600
26.28	0.052400
26.29	0.056000
26.3	0.051600
26.31	0.047600
26.32	0.021900
26.33	0.000020
26.34	-0.026600
26.35	-0.066200
26.36	-0.098100
26.37	-0.130000
26.38	-0.157000
26.39	-0.170000
26.4	-0.173000
26.41	-0.172000
26.42	-0.150000
26.43	-0.111000
26.44	-0.110000
26.45	-0.107000
26.46	-0.082200
26.47	-0.077700
26.48	-0.064900
26.49	-0.065100
26.5	-0.054800
26.51	-0.020600
26.52	-0.006800
26.53	0.019400
26.54	0.038200
26.55	0.054100
26.56	0.058200
26.57	0.040200
26.58	0.042700
26.59	0.019800
26.6	-0.005500
26.61	-0.011300
26.62	-0.030600
26.63	-0.045700
26.64	-0.055500
26.65	-0.034000
26.66	-0.003490
26.67	0.011200
26.68	0.050200
26.69	0.071400
26.7	0.087200
26.71	0.115000
26.72	0.114000
26.73	0.141000
26.74	0.150000
26.75	0.129000
26.76	0.139000
26.77	0.118000
26.78	0.088900
26.79	0.078100
26.8	0.081800
26.81	0.065700
26.82	0.024400
26.83	0.017700
26.84	-0.001940
26.85	-0.028700
26.86	-0.032000
26.87	-0.027500
26.88	-0.012400
26.89	-0.009580
26.9	-0.011100
26.91	-0.009440
26.92	-0.011800
26.93	-0.008910
26.94	-0.012100
26.95	-0.019900
26.96	-0.033800
26.97	-0.063300
26.98	-0.051400
26.99	-0.050900
27	-0.113000
27.01	-0.150000
27.02	-0.169000
27.03	-0.169000
27.04	-0.172000
27.05	-0.181000
27.06	-0.160000
27.07	-0.146000
27.08	-0.109000
27.09	-0.089800
27.1	-0.079100
27.11	-0.024600
27.12	-0.018000
27.13	-0.015100
27.14	0.009060
27.15	0.015200
27.16	0.033600
27.17	0.048800
27.18	0.058600
27.19	0.063400
27.2	0.067000
27.21	0.076200
27.22	0.082700
27.23	0.093100
27.24	0.081600
27.25	0.063100
27.26	0.068000
27.27	0.063600
27.28	0.055100
27.29	0.059500
27.3	0.056400
27.31	0.046200
27.32	0.035000
27.33	0.035000
27.34	0.044900
27.35	0.041100
27.36	0.034800
27.37	0.015000
27.38	0.000450
27.39	0.006700
27.4	-0.001320
27.41	0.007730
27.42	0.013800
27.43	0.013000
27.44	0.025300
27.45	0.005080
27.46	-0.010500
27.47	-0.028700
27.48	-0.051100
27.49	-0.047300
27.5	-0.054100
27.51	-0.037000
27.52	-0.021800
27.53	-0.026700
27.54	0.004320
27.55	0.022100
27.56	0.020500
27.57	0.013700
27.58	-0.002050
27.59	-0.001000
27.6	-0.008220
27.61	-0.010300
27.62	-0.010800
27.63	-0.021300
27.64	-0.015900
27.65	-0.023700
27.66	-0.024300
27.67	-0.015000
27.68	-0.011300
27.69	0.004080
27.7	0.003480
27.71	0.011600
27.72	0.033900
27.73	0.056200
27.74	0.072100
27.75	0.061600
27.76	0.076100
27.77	0.091700
27.78	0.087200
27.79	0.096500
27.8	0.078300
27.81	0.045700
27.82	0.017800
27.83	-0.012100
27.84	-0.040700
27.85	-0.084700
27.86	-0.102000
27.87	-0.094300
27.88	-0.092900
27.89	-0.064600
27.9	-0.032900
27.91	-0.011300
27.92	0.018600
27.93	0.036100
27.94	0.054500
27.95	0.070100
27.96	0.063700
27.97	0.057300
27.98	0.050500
27.99	0.022700
28	-0.005150
28.01	0.000540
28.02	-0.005010
28.03	-0.028000
28.04	-0.034000
28.05	-0.053500
28.06	-0.055400
28.07	-0.038600
28.08	-0.045300
28.09	-0.037300
28.1	-0.016800
28.11	-0.010000
28.12	-0.003470
28.13	0.010900
28.14	0.012600
28.15	-0.001490
28.16	0.007500
28.17	0.014400
28.18	-0.006900
28.19	-0.016400
28.2	-0.019800
28.21	-0.011500
28.22	0.008750
28.23	0.013700
28.24	0.012700
28.25	-0.006280
28.26	-0.011000
28.27	0.010500
28.28	0.033000
28.29	0.073600
28.3	0.090000
28.31	0.089300
28.32	0.099000
28.33	0.090700
28.34	0.088800
28.35	0.098800
28.36	0.102000
28.37	0.097700
28.38	0.082200
28.39	0.063200
28.4	0.038500
28.41	0.016200
28.42	-0.006850
28.43	-0.048700
28.44	-0.069600
28.45	-0.096100
28.46	-0.119000
28.47	-0.089500
28.48	-0.088100
28.49	-0.080000
28.5	-0.041600
28.51	-0.024100
28.52	0.006690
28.53	0.050700
28.54	0.093000
28.55	0.095000
28.56	0.087000
28.57	0.100000
28.58	0.089600
28.59	0.080000
28.6	0.061900
28.61	0.017700
28.62	-0.014900
28.63	-0.020200
28.64	-0.028400
28.65	-0.048200
28.66	-0.046100
28.67	-0.038800
28.68	-0.033200
28.69	-0.007360
28.7	0.021800
28.71	0.035500
28.72	0.032300
28.73	0.024200
28.74	0.032500
28.75	0.035500
28.76	0.012000
28.77	-0.009570
28.78	-0.025500
28.79	-0.036800
28.8	-0.043400
28.81	-0.037400
28.82	-0.012800
28.83	-0.006230
28.84	0.001260
28.85	0.020800
28.86	0.037100
28.87	0.054100
28.88	0.059300
28.89	0.074800
28.9	0.081400
28.91	0.080600
28.92	0.094900
28.93	0.084300
28.94	0.074300
28.95	0.070800
28.96	0.063400
28.97	0.072300
28.98	0.071600
28.99	0.063000
29	0.060400
29.01	0.056000
29.02	0.059300
29.03	0.056500
29.04	0.040500
29.05	0.032800
29.06	0.023600
29.07	0.011900
29.08	-0.000940
29.09	-0.002430
29.1	-0.006650
29.11	-0.029500
29.12	-0.020000
29.13	-0.019800
29.14	-0.043900
29.15	-0.043900
29.16	-0.049600
29.17	-0.072600
29.18	-0.095300
29.19	-0.110000
29.2	-0.132000
29.21	-0.147000
29.22	-0.126000
29.23	-0.086100
29.24	-0.059500
29.25	-0.053100
29.26	-0.028100
29.27	0.009640
29.28	0.028400
29.29	0.036300
29.3	0.042100
29.31	0.043200
29.32	0.036600
29.33	0.019800
29.34	0.012800
29.35	0.006800
29.36	-0.022900
29.37	-0.024200
29.38	-0.028400
29.39	-0.052100
29.4	-0.037000
29.41	-0.032500
29.42	-0.033000
29.43	-0.033500
29.44	-0.052600
29.45	-0.055800
29.46	-0.057100
29.47	-0.054300
29.48	-0.049100
29.49	-0.033500
29.5	-0.015200
29.51	-0.021600
29.52	-0.014900
29.53	-0.009200
29.54	-0.008230
29.55	0.008490
29.56	0.013900
29.57	0.011300
29.58	-0.009690
29.59	-0.042300
29.6	-0.054100
29.61	-0.057500
29.62	-0.061600
29.63	-0.065100
29.64	-0.056900
29.65	-0.040700
29.66	-0.042900
29.67	-0.049400
29.68	-0.036400
29.69	-0.006800
29.7	0.010100
29.71	0.013700
29.72	0.027300
29.73	0.033300
29.74	0.053000
29.75	0.077100
29.76	0.068700
29.77	0.065000
29.78	0.061000
29.79	0.055300
29.8	0.059600
29.81	0.055400
29.82	0.042000
29.83	0.008540
29.84	-0.016200
29.85	-0.035000
29.86	-0.067400
29.87	-0.063900
29.88	-0.053100
29.89	-0.074800
29.9	-0.100000
29.91	-0.106000
29.92	-0.081600
29.93	-0.059900
29.94	-0.048000
29.95	-0.036400
29.96	-0.031900
29.97	-0.015200
29.98	-0.000910
29.99	0.010000
30	0.031500
30.01	0.041000
30.02	0.055000
30.03	0.073800
30.04	0.082800
30.05	0.092000
30.06	0.096000
30.07	0.101000
30.08	0.080400
30.09	0.049200
30.1	0.035600
30.11	-0.003300
30.12	-0.026000
30.13	-0.051800
30.14	-0.091700
30.15	-0.091600
30.16	-0.108000
30.17	-0.119000
30.18	-0.106000
30.19	-0.093800
30.2	-0.071100
30.21	-0.071600
30.22	-0.061400
30.23	-0.045800
30.24	-0.036200
30.25	-0.013400
30.26	-0.023500
30.27	-0.035200
30.28	-0.052700
30.29	-0.074100
30.3	-0.067200
30.31	-0.077200
30.32	-0.078000
30.33	-0.057400
30.34	-0.023900
30.35	0.002130
30.36	-0.001920
30.37	0.018900
30.38	0.028400
30.39	0.016200
30.4	0.025900
30.41	0.017100
30.42	0.009630
30.43	0.012700
30.44	-0.008470
30.45	-0.021700
30.46	-0.033600
30.47	-0.051900
30.48	-0.057400
30.49	-0.070100
30.5	-0.077600
30.51	-0.075500
30.52	-0.067500
30.53	-0.063300
30.54	-0.068600
30.55	-0.043300
30.56	-0.004800
30.57	0.027600
30.58	0.055200
30.59	0.058600
30.6	0.056400
30.61	0.060100
30.62	0.067600
30.63	0.074600
30.64	0.076100
30.65	0.078900
30.66	0.067100
30.67	0.065000
30.68	0.073700
30.69	0.043900
30.7	0.032000
30.71	0.034400
30.72	0.016300
30.73	0.010000
30.74	0.012500
30.75	0.048300
30.76	0.059800
30.77	0.046600
30.78	0.066600
30.79	0.064200
30.8	0.059700
30.81	0.040800
30.82	0.013600
30.83	0.003630
30.84	-0.039400
30.85	-0.070000
30.86	-0.081100
30.87	-0.091700
30.88	-0.109000
30.89	-0.121000
30.9	-0.091200
30.91	-0.088100
30.92	-0.080900
30.93	-0.042200
30.94	-0.024600
30.95	-0.003150
30.96	0.012200
30.97	0.030200
30.98	0.043900
30.99	0.055300
31	0.076000
31.01	0.068000
31.02	0.064700
31.03	0.060100
31.04	0.036700
31.05	0.027100
31.06	0.024900
31.07	0.016600
31.08	0.005230
31.09	-0.006960
31.1	-0.028000
31.11	-0.051400
31.12	-0.065500
31.13	-0.064300
31.14	-0.058400
31.15	-0.059600
31.16	-0.067100
31.17	-0.059500
31.18	-0.036500
31.19	-0.027900
31.2	-0.012000
31.21	0.004150
31.22	0.017200
31.23	0.037000
31.24	0.058500
31.25	0.092400
31.26	0.093500
31.27	0.086100
31.28	0.083400
31.29	0.061400
31.3	0.068500
31.31	0.072100
31.32	0.060600
31.33	0.056700
31.34	0.056300
31.35	0.057600
31.36	0.037600
31.37	0.020300
31.38	0.004910
31.39	0.009170
31.4	0.027400
31.41	0.014600
31.42	0.012200
31.43	0.008810
31.44	0.006800
31.45	0.026000
31.46	0.038000
31.47	0.050700
31.48	0.059700
31.49	0.055600
31.5	0.057700
31.51	0.080400
31.52	0.090200
31.53	0.082000
31.54	0.080600
31.55	0.092300
31.56	0.081600
31.57	0.061900
31.58	0.092400
31.59	0.105000
31.6	0.102000
31.61	0.101000
31.62	0.083000
31.63	0.066800
31.64	0.040200
31.65	0.052100
31.66	0.057300
31.67	0.029300
31.68	0.009370
31.69	-0.019900
31.7	-0.038900
31.71	-0.053400
31.72	-0.054800
31.73	-0.053800
31.74	-0.074200
31.75	-0.081700
31.76	-0.072700
31.77	-0.071500
31.78	-0.075500
31.79	-0.081800
31.8	-0.077800
31.81	-0.068000
31.82	-0.074300
31.83	-0.061600
31.84	-0.056000
31.85	-0.055800
31.86	-0.041000
31.87	-0.043500
31.88	-0.039100
31.89	-0.048600
31.9	-0.062800
31.91	-0.066100
31.92	-0.060300
31.93	-0.036700
31.94	-0.027500
31.95	-0.013400
31.96	0.005510
31.97	0.015200
31.98	0.030400
31.99	0.049100
32	0.055400
32.01	0.045000
32.02	0.061800
32.03	0.096400
32.04	0.101000
32.05	0.096500
32.06	0.080000
32.07	0.062000
32.08	0.064800
32.09	0.041100
32.1	0.017500
32.11	0.009420
32.12	-0.014000
32.13	-0.033500
32.14	-0.034200
32.15	-0.015900
32.16	-0.019000
32.17	-0.032400
32.18	-0.035700
32.19	-0.040400
32.2	-0.018000
32.21	0.007220
32.22	0.014200
32.23	0.023100
32.24	0.027400
32.25	0.032600
32.26	0.035200
32.27	0.032800
32.28	0.035600
32.29	0.011300
32.3	-0.007120
32.31	-0.014200
32.32	-0.045500
32.33	-0.045700
32.34	-0.042500
32.35	-0.036500
32.36	-0.016800
32.37	-0.021800
32.38	-0.015900
32.39	-0.009170
32.4	0.005570
32.41	0.014000
32.42	-0.004280
32.43	-0.010900
32.44	-0.025300
32.45	-0.025700
32.46	-0.015900
32.47	-0.030500
32.48	-0.034200
32.49	-0.035300
32.5	-0.051400
32.51	-0.078000
32.52	-0.079200
32.53	-0.049600
32.54	-0.048600
32.55	-0.039500
32.56	-0.019300
32.57	-0.013000
32.58	0.004170
32.59	0.010800
32.6	0.031500
32.61	0.051100
32.62	0.046600
32.63	0.052400
32.64	0.058400
32.65	0.074500
32.66	0.090100
32.67	0.086000
32.68	0.079400
32.69	0.066500
32.7	0.064300
32.71	0.059000
32.72	0.018400
32.73	-0.006660
32.74	-0.031000
32.75	-0.072300
32.76	-0.081700
32.77	-0.090400
32.78	-0.100000
32.79	-0.104000
32.8	-0.108000
32.81	-0.112000
32.82	-0.119000
32.83	-0.094700
32.84	-0.085600
32.85	-0.098200
32.86	-0.081800
32.87	-0.072800
32.88	-0.070400
32.89	-0.061000
32.9	-0.060500
32.91	-0.075800
32.92	-0.095200
32.93	-0.082700
32.94	-0.073400
32.95	-0.069900
32.96	-0.028900
32.97	-0.007390
32.98	0.008750
32.99	0.038500
33	0.038200
33.01	0.056500
33.02	0.089100
33.03	0.101000
33.04	0.105000
33.05	0.114000
33.06	0.118000
33.07	0.088500
33.08	0.068000
33.09	0.050700
33.1	0.022300
33.11	0.012000
33.12	-0.009900
33.13	-0.022600
33.14	-0.034800
33.15	-0.051900
33.16	-0.040900
33.17	-0.028200
33.18	-0.015100
33.19	-0.023400
33.2	-0.014700
33.21	0.005590
33.22	-0.022300
33.23	-0.024900
33.24	-0.031600
33.25	-0.071400
33.26	-0.082400
33.27	-0.078400
33.28	-0.080600
33.29	-0.096800
33.3	-0.112000
33.31	-0.109000
33.32	-0.104000
33.33	-0.105000
33.34	-0.093600
33.35	-0.061300
33.36	-0.016600
33.37	0.016700
33.38	0.044800
33.39	0.073900
33.4	0.103000
33.41	0.132000
33.42	0.133000
33.43	0.145000
33.44	0.148000
33.45	0.137000
33.46	0.142000
33.47	0.114000
33.48	0.111000
33.49	0.105000
33.5	0.065000
33.51	0.061800
33.52	0.041700
33.53	0.015500
33.54	0.014800
33.55	0.029100
33.56	0.036400
33.57	0.033100
33.58	0.049000
33.59	0.047300
33.6	0.039800
33.61	0.053500
33.62	0.063900
33.63	0.066200
33.64	0.057300
33.65	0.053800
33.66	0.045000
33.67	0.027200
33.68	0.029100
33.69	0.017000
33.7	0.009430
33.71	0.012400
33.72	-0.004980
33.73	0.007860
33.74	0.011700
33.75	-0.006500
33.76	0.000510
33.77	-0.007030
33.78	-0.012300
33.79	-0.011100
33.8	-0.018600
33.81	-0.019500
33.82	-0.029800
33.83	-0.021000
33.84	-0.019400
33.85	-0.044200
33.86	-0.036500
33.87	-0.034300
33.88	-0.032800
33.89	-0.000590
33.9	0.013700
33.91	0.011100
33.92	0.011900
33.93	0.010600
33.94	-0.001250
33.95	0.008060
33.96	0.012300
33.97	-0.022700
33.98	-0.024600
33.99	-0.018100
34	-0.030100
34.01	-0.022000
34.02	-0.029100
34.03	-0.051400
34.04	-0.053400
34.05	-0.046100
34.06	-0.039800
34.07	-0.018000
34.08	0.004880
34.09	0.002360
34.1	0.009210
34.11	0.031300
34.12	0.034600
34.13	0.035400
34.14	0.033100
34.15	0.016900
34.16	0.000460
34.17	-0.008580
34.18	-0.013000
34.19	-0.023700
34.2	-0.025600
34.21	-0.016100
34.22	-0.007270
34.23	0.007560
34.24	0.027100
34.25	0.032900
34.26	0.035700
34.27	0.043900
34.28	0.041000
34.29	0.052600
34.3	0.051000
34.31	0.023500
34.32	0.011800
34.33	0.011000
34.34	0.012100
34.35	-0.003770
34.36	-0.010300
34.37	-0.012200
34.38	-0.021800
34.39	0.000140
34.4	0.013900
34.41	0.001960
34.42	-0.008600
34.43	-0.012000
34.44	-0.004940
34.45	0.009660
34.46	0.028200
34.47	0.038900
34.48	0.044600
34.49	0.051900
34.5	0.055000
34.51	0.053200
34.52	0.036500
34.53	0.018200
34.54	0.011800
34.55	-0.004110
34.56	-0.015700
34.57	-0.014400
34.58	-0.008790
34.59	-0.012600
34.6	-0.024200
34.61	-0.017800
34.62	-0.021400
34.63	-0.026400
34.64	-0.015200
34.65	-0.009870
34.66	-0.011900
34.67	-0.009370
34.68	0.005320
34.69	-0.004100
34.7	-0.024700
34.71	-0.031200
34.72	-0.053700
34.73	-0.073000
34.74	-0.084900
34.75	-0.099200
34.76	-0.088600
34.77	-0.088100
34.78	-0.095700
34.79	-0.085900
34.8	-0.096400
34.81	-0.090600
34.82	-0.061100
34.83	-0.036500
34.84	-0.013000
34.85	0.009390
34.86	0.049800
34.87	0.066800
34.88	0.065300
34.89	0.059400
34.9	0.041500
34.91	0.044800
34.92	0.036700
34.93	0.034500
34.94	0.034300
34.95	0.012600
34.96	0.007300
34.97	-0.003770
34.98	-0.000740
34.99	-0.007670
35	-0.030200
35.01	-0.002250
35.02	0.004390
35.03	-0.005510
35.04	0.008160
35.05	0.012700
35.06	0.012400
35.07	-0.006370
35.08	-0.015400
35.09	-0.021600
35.1	-0.041900
35.11	-0.059400
35.12	-0.087300
35.13	-0.095300
35.14	-0.099900
35.15	-0.120000
35.16	-0.126000
35.17	-0.123000
35.18	-0.107000
35.19	-0.093100
35.2	-0.082500
35.21	-0.060300
35.22	-0.075100
35.23	-0.079100
35.24	-0.052100
35.25	-0.052900
35.26	-0.031800
35.27	-0.003110
35.28	-0.002000
35.29	0.006010
35.3	0.022900
35.31	0.030400
35.32	0.020000
35.33	0.023300
35.34	0.017800
35.35	0.009960
35.36	0.030200
35.37	0.016400
35.38	-0.000410
35.39	0.007080
35.4	-0.002090
35.41	-0.001380
35.42	0.007000
35.43	0.028800
35.44	0.038100
35.45	0.021500
35.46	0.032100
35.47	0.035200
35.48	0.057100
35.49	0.069500
35.5	0.044700
35.51	0.063600
35.52	0.073600
35.53	0.078500
35.54	0.077700
35.55	0.055300
35.56	0.046400
35.57	0.041200
35.58	0.064300
35.59	0.065500
35.6	0.039300
35.61	0.037200
35.62	0.039600
35.63	0.033100
35.64	0.030700
35.65	0.035500
35.66	0.025800
35.67	0.014000
35.68	0.011700
35.69	0.018300
35.7	0.021300
35.71	0.014200
35.72	0.017500
35.73	0.043400
35.74	0.051700
35.75	0.038500
35.76	0.047400
35.77	0.038900
35.78	0.034200
35.79	0.032800
35.8	0.015900
35.81	0.011300
35.82	-0.005640
35.83	0.012200
35.84	0.032700
35.85	0.021900
35.86	0.028300
35.87	0.025000
35.88	0.018500
35.89	0.015200
35.9	0.010800
35.91	0.013200
35.92	0.012100
35.93	0.011300
35.94	-0.005490
35.95	-0.024000
35.96	-0.030000
35.97	-0.054500
35.98	-0.054200
35.99	-0.058300
36	-0.090400
36.01	-0.073400
36.02	-0.071900
36.03	-0.080200
36.04	-0.059300
36.05	-0.054500
36.06	-0.043600
36.07	-0.032600
36.08	-0.019600
36.09	-0.018100
36.1	-0.028500
36.11	-0.012900
36.12	-0.003420
36.13	-0.001080
36.14	0.008010
36.15	0.016700
36.16	0.032100
36.17	0.036300
36.18	0.034900
36.19	0.029600
36.2	0.014400
36.21	0.012400
36.22	0.014800
36.23	0.024400
36.24	0.014800
36.25	-0.006560
36.26	0.002340
36.27	0.003330
36.28	0.011700
36.29	0.027800
36.3	0.026500
36.31	0.017400
36.32	0.016000
36.33	0.047300
36.34	0.062100
36.35	0.041600
36.36	0.036200
36.37	0.048000
36.38	0.064300
36.39	0.077700
36.4	0.061600
36.41	0.048900
36.42	0.050300
36.43	0.039200
36.44	0.034300
36.45	0.035000
36.46	0.036100
36.47	0.015500
36.48	0.013000
36.49	0.024200
36.5	-0.000460
36.51	-0.005430
36.52	-0.004270
36.53	-0.007790
36.54	-0.011300
36.55	-0.021800
36.56	-0.013800
36.57	-0.008290
36.58	-0.015800
36.59	-0.028600
36.6	-0.034700
36.61	-0.033500
36.62	-0.045300
36.63	-0.048300
36.64	-0.035800
36.65	-0.052600
36.66	-0.054400
36.67	-0.043600
36.68	-0.066900
36.69	-0.063600
36.7	-0.052300
36.71	-0.040600
36.72	-0.031200
36.73	-0.033000
36.74	-0.019500
36.75	-0.028200
36.76	-0.021200
36.77	-0.006720
36.78	-0.007550
36.79	0.010700
36.8	0.012400
36.81	0.000980
36.82	-0.010000
36.83	-0.014600
36.84	-0.020000
36.85	-0.027500
36.86	-0.014500
36.87	-0.028800
36.88	-0.044900
36.89	-0.038100
36.9	-0.046800
36.91	-0.037000
36.92	-0.031700
36.93	-0.031800
36.94	-0.020000
36.95	-0.028900
36.96	-0.033700
36.97	-0.029400
36.98	-0.013400
36.99	-0.022300
37	-0.051000
37.01	-0.024700
37.02	-0.017400
37.03	-0.043100
37.04	-0.039300
37.05	-0.043200
37.06	-0.049000
37.07	-0.053100
37.08	-0.052500
37.09	-0.024100
37.1	-0.012300
37.11	-0.005790
37.12	0.013600
37.13	0.024600
37.14	0.029200
37.15	0.026700
37.16	0.049200
37.17	0.075700
37.18	0.079400
37.19	0.082300
37.2	0.080000
37.21	0.081700
37.22	0.080300
37.23	0.081600
37.24	0.080200
37.25	0.063100
37.26	0.064400
37.27	0.053400
37.28	0.038600
37.29	0.053500
37.3	0.038500
37.31	0.010700
37.32	0.007780
37.33	0.014200
37.34	0.011900
37.35	-0.001360
37.36	0.006820
37.37	-0.005210
37.38	-0.034500
37.39	-0.037000
37.4	-0.046900
37.41	-0.046200
37.42	-0.052100
37.43	-0.075000
37.44	-0.084600
37.45	-0.098400
37.46	-0.102000
37.47	-0.094200
37.48	-0.062500
37.49	-0.039000
37.5	-0.052600
37.51	-0.041400
37.52	-0.042200
37.53	-0.033500
37.54	0.002260
37.55	0.003680
37.56	0.009950
37.57	0.013100
37.58	0.018200
37.59	0.031500
37.6	0.023100
37.61	0.028300
37.62	0.025900
37.63	0.018800
37.64	0.032900
37.65	0.038500
37.66	0.047200
37.67	0.051800
37.68	0.039100
37.69	0.035000
37.7	0.035100
37.71	0.036300
37.72	0.034900
37.73	0.036300
37.74	0.035000
37.75	0.017400
37.76	0.030300
37.77	0.036600
37.78	0.020300
37.79	0.028500
37.8	0.025500
37.81	0.031900
37.82	0.037100
37.83	0.016300
37.84	0.002760
37.85	-0.008880
37.86	-0.011500
37.87	-0.029000
37.88	-0.045400
37.89	-0.037200
37.9	-0.050900
37.91	-0.056100
37.92	-0.041100
37.93	-0.031800
37.94	-0.019300
37.95	-0.018000
37.96	-0.011200
37.97	0.012000
37.98	0.025700
37.99	0.028700
38	0.000000
